# Final state angular momentum:   1
# Broadening parameter (in eV):    0.800
# Absorbing atom type (xiabs):   2
# Energy (eV)   sigma
  -10.00000000    0.00119895
   -9.94994995    0.00120531
   -9.89989990    0.00121173
   -9.84984985    0.00121822
   -9.79979980    0.00122477
   -9.74974975    0.00123139
   -9.69969970    0.00123808
   -9.64964965    0.00124484
   -9.59959960    0.00125166
   -9.54954955    0.00125856
   -9.49949950    0.00126552
   -9.44944945    0.00127256
   -9.39939940    0.00127967
   -9.34934935    0.00128686
   -9.29929930    0.00129412
   -9.24924925    0.00130146
   -9.19919920    0.00130888
   -9.14914915    0.00131638
   -9.09909910    0.00132395
   -9.04904905    0.00133161
   -8.99899900    0.00133935
   -8.94894895    0.00134718
   -8.89889890    0.00135509
   -8.84884885    0.00136309
   -8.79879880    0.00137118
   -8.74874875    0.00137935
   -8.69869870    0.00138762
   -8.64864865    0.00139598
   -8.59859860    0.00140443
   -8.54854855    0.00141298
   -8.49849850    0.00142163
   -8.44844845    0.00143038
   -8.39839840    0.00143922
   -8.34834835    0.00144817
   -8.29829830    0.00145722
   -8.24824825    0.00146638
   -8.19819820    0.00147564
   -8.14814815    0.00148501
   -8.09809810    0.00149450
   -8.04804805    0.00150409
   -7.99799800    0.00151380
   -7.94794795    0.00152363
   -7.89789790    0.00153358
   -7.84784785    0.00154364
   -7.79779780    0.00155383
   -7.74774775    0.00156415
   -7.69769770    0.00157459
   -7.64764765    0.00158516
   -7.59759760    0.00159586
   -7.54754755    0.00160670
   -7.49749750    0.00161767
   -7.44744745    0.00162878
   -7.39739740    0.00164003
   -7.34734735    0.00165143
   -7.29729730    0.00166297
   -7.24724725    0.00167467
   -7.19719720    0.00168651
   -7.14714715    0.00169851
   -7.09709710    0.00171067
   -7.04704705    0.00172299
   -6.99699700    0.00173547
   -6.94694695    0.00174812
   -6.89689690    0.00176094
   -6.84684685    0.00177394
   -6.79679680    0.00178711
   -6.74674675    0.00180046
   -6.69669670    0.00181399
   -6.64664665    0.00182771
   -6.59659660    0.00184163
   -6.54654655    0.00185574
   -6.49649650    0.00187005
   -6.44644645    0.00188456
   -6.39639640    0.00189928
   -6.34634635    0.00191421
   -6.29629630    0.00192935
   -6.24624625    0.00194472
   -6.19619620    0.00196031
   -6.14614615    0.00197613
   -6.09609610    0.00199219
   -6.04604605    0.00200849
   -5.99599600    0.00202503
   -5.94594595    0.00204182
   -5.89589590    0.00205887
   -5.84584585    0.00207618
   -5.79579580    0.00209375
   -5.74574575    0.00211160
   -5.69569570    0.00212973
   -5.64564565    0.00214814
   -5.59559560    0.00216685
   -5.54554555    0.00218585
   -5.49549550    0.00220516
   -5.44544545    0.00222478
   -5.39539540    0.00224472
   -5.34534535    0.00226499
   -5.29529530    0.00228560
   -5.24524525    0.00230655
   -5.19519520    0.00232784
   -5.14514515    0.00234950
   -5.09509510    0.00237153
   -5.04504505    0.00239394
   -4.99499499    0.00241673
   -4.94494494    0.00243992
   -4.89489489    0.00246352
   -4.84484484    0.00248753
   -4.79479479    0.00251197
   -4.74474474    0.00253685
   -4.69469469    0.00256219
   -4.64464464    0.00258798
   -4.59459459    0.00261425
   -4.54454454    0.00264100
   -4.49449449    0.00266826
   -4.44444444    0.00269603
   -4.39439439    0.00272433
   -4.34434434    0.00275317
   -4.29429429    0.00278257
   -4.24424424    0.00281254
   -4.19419419    0.00284310
   -4.14414414    0.00287427
   -4.09409409    0.00290607
   -4.04404404    0.00293850
   -3.99399399    0.00297160
   -3.94394394    0.00300538
   -3.89389389    0.00303986
   -3.84384384    0.00307506
   -3.79379379    0.00311101
   -3.74374374    0.00314772
   -3.69369369    0.00318523
   -3.64364364    0.00322356
   -3.59359359    0.00326273
   -3.54354354    0.00330277
   -3.49349349    0.00334370
   -3.44344344    0.00338557
   -3.39339339    0.00342840
   -3.34334334    0.00347222
   -3.29329329    0.00351706
   -3.24324324    0.00356297
   -3.19319319    0.00360997
   -3.14314314    0.00365811
   -3.09309309    0.00370743
   -3.04304304    0.00375796
   -2.99299299    0.00380977
   -2.94294294    0.00386288
   -2.89289289    0.00391735
   -2.84284284    0.00397324
   -2.79279279    0.00403059
   -2.74274274    0.00408946
   -2.69269269    0.00414992
   -2.64264264    0.00421203
   -2.59259259    0.00427584
   -2.54254254    0.00434145
   -2.49249249    0.00440891
   -2.44244244    0.00447830
   -2.39239239    0.00454972
   -2.34234234    0.00462324
   -2.29229229    0.00469897
   -2.24224224    0.00477699
   -2.19219219    0.00485742
   -2.14214214    0.00494035
   -2.09209209    0.00502593
   -2.04204204    0.00511425
   -1.99199199    0.00520547
   -1.94194194    0.00529972
   -1.89189189    0.00539716
   -1.84184184    0.00549794
   -1.79179179    0.00560224
   -1.74174174    0.00571024
   -1.69169169    0.00582213
   -1.64164164    0.00593814
   -1.59159159    0.00605849
   -1.54154154    0.00618342
   -1.49149149    0.00631319
   -1.44144144    0.00644808
   -1.39139139    0.00658839
   -1.34134134    0.00673445
   -1.29129129    0.00688661
   -1.24124124    0.00704525
   -1.19119119    0.00721077
   -1.14114114    0.00738361
   -1.09109109    0.00756424
   -1.04104104    0.00775317
   -0.99099099    0.00795095
   -0.94094094    0.00815817
   -0.89089089    0.00837546
   -0.84084084    0.00860350
   -0.79079079    0.00884303
   -0.74074074    0.00909480
   -0.69069069    0.00935966
   -0.64064064    0.00963846
   -0.59059059    0.00993211
   -0.54054054    0.01024155
   -0.49049049    0.01056776
   -0.44044044    0.01091169
   -0.39039039    0.01127432
   -0.34034034    0.01165657
   -0.29029029    0.01205929
   -0.24024024    0.01248325
   -0.19019019    0.01292904
   -0.14014014    0.01339708
   -0.09009009    0.01388547
   -0.04004004    0.01439171
    0.01001001    0.01492530
    0.06006006    0.01548434
    0.11011011    0.01606507
    0.16016016    0.01665791
    0.21021021    0.01726654
    0.26026026    0.01788856
    0.31031031    0.01852139
    0.36036036    0.01916247
    0.41041041    0.01980946
    0.46046046    0.02046049
    0.51051051    0.02111444
    0.56056056    0.02177112
    0.61061061    0.02243149
    0.66066066    0.02309769
    0.71071071    0.02377309
    0.76076076    0.02446208
    0.81081081    0.02516993
    0.86086086    0.02590243
    0.91091091    0.02666555
    0.96096096    0.02746513
    1.01101101    0.02830649
    1.06106106    0.02919423
    1.11111111    0.03013194
    1.16116116    0.03112213
    1.21121121    0.03216610
    1.26126126    0.03326391
    1.31131131    0.03441440
    1.36136136    0.03561522
    1.41141141    0.03686290
    1.46146146    0.03815284
    1.51151151    0.03947945
    1.56156156    0.04083612
    1.61161161    0.04221533
    1.66166166    0.04360868
    1.71171171    0.04500702
    1.76176176    0.04640065
    1.81181181    0.04777963
    1.86186186    0.04913418
    1.91191191    0.05045520
    1.96196196    0.05173489
    2.01201201    0.05296725
    2.06206206    0.05414853
    2.11211211    0.05527751
    2.16216216    0.05635544
    2.21221221    0.05738576
    2.26226226    0.05837360
    2.31231231    0.05932505
    2.36236236    0.06024646
    2.41241241    0.06114370
    2.46246246    0.06202161
    2.51251251    0.06288366
    2.56256256    0.06373181
    2.61261261    0.06456659
    2.66266266    0.06538741
    2.71271271    0.06619292
    2.76276276    0.06698149
    2.81281281    0.06775163
    2.86286286    0.06850232
    2.91291291    0.06923329
    2.96296296    0.06994502
    3.01301301    0.07063870
    3.06306306    0.07131599
    3.11311311    0.07197870
    3.16316316    0.07262847
    3.21321321    0.07326637
    3.26326326    0.07389274
    3.31331331    0.07450696
    3.36336336    0.07510754
    3.41341341    0.07569225
    3.46346346    0.07625841
    3.51351351    0.07680325
    3.56356356    0.07732438
    3.61361361    0.07782014
    3.66366366    0.07828995
    3.71371371    0.07873460
    3.76376376    0.07915633
    3.81381381    0.07955877
    3.86386386    0.07994686
    3.91391391    0.08032643
    3.96396396    0.08070390
    4.01401401    0.08108574
    4.06406406    0.08147795
    4.11411411    0.08188562
    4.16416416    0.08231247
    4.21421421    0.08276055
    4.26426426    0.08323012
    4.31431431    0.08371964
    4.36436436    0.08422599
    4.41441441    0.08474482
    4.46446446    0.08527103
    4.51451451    0.08579928
    4.56456456    0.08632451
    4.61461461    0.08684248
    4.66466466    0.08735010
    4.71471471    0.08784570
    4.76476476    0.08832912
    4.81481481    0.08880159
    4.86486486    0.08926542
    4.91491491    0.08972353
    4.96496496    0.09017886
    5.01501502    0.09063369
    5.06506507    0.09108898
    5.11511512    0.09154379
    5.16516517    0.09199488
    5.21521522    0.09243646
    5.26526527    0.09286027
    5.31531532    0.09325585
    5.36536537    0.09361101
    5.41541542    0.09391258
    5.46546547    0.09414715
    5.51551552    0.09430192
    5.56556557    0.09436547
    5.61561562    0.09432836
    5.66566567    0.09418358
    5.71571572    0.09392678
    5.76576577    0.09355619
    5.81581582    0.09307249
    5.86586587    0.09247841
    5.91591592    0.09177835
    5.96596597    0.09097796
    6.01601602    0.09008379
    6.06606607    0.08910300
    6.11611612    0.08804314
    6.16616617    0.08691210
    6.21621622    0.08571801
    6.26626627    0.08446924
    6.31631632    0.08317437
    6.36636637    0.08184215
    6.41641642    0.08048135
    6.46646647    0.07910067
    6.51651652    0.07770853
    6.56656657    0.07631285
    6.61661662    0.07492088
    6.66666667    0.07353899
    6.71671672    0.07217259
    6.76676677    0.07082606
    6.81681682    0.06950275
    6.86686687    0.06820503
    6.91691692    0.06693449
    6.96696697    0.06569204
    7.01701702    0.06447814
    7.06706707    0.06329294
    7.11711712    0.06213648
    7.16716717    0.06100880
    7.21721722    0.05990997
    7.26726727    0.05884019
    7.31731732    0.05779966
    7.36736737    0.05678865
    7.41741742    0.05580729
    7.46746747    0.05485561
    7.51751752    0.05393341
    7.56756757    0.05304022
    7.61761762    0.05217530
    7.66766767    0.05133769
    7.71771772    0.05052620
    7.76776777    0.04973955
    7.81781782    0.04897642
    7.86786787    0.04823559
    7.91791792    0.04751599
    7.96796797    0.04681678
    8.01801802    0.04613743
    8.06806807    0.04547769
    8.11811812    0.04483764
    8.16816817    0.04421764
    8.21821822    0.04361823
    8.26826827    0.04304018
    8.31831832    0.04248429
    8.36836837    0.04195144
    8.41841842    0.04144247
    8.46846847    0.04095814
    8.51851852    0.04049915
    8.56856857    0.04006606
    8.61861862    0.03965934
    8.66866867    0.03927932
    8.71871872    0.03892626
    8.76876877    0.03860029
    8.81881882    0.03830146
    8.86886887    0.03802968
    8.91891892    0.03778477
    8.96896897    0.03756637
    9.01901902    0.03737396
    9.06906907    0.03720684
    9.11911912    0.03706409
    9.16916917    0.03694454
    9.21921922    0.03684681
    9.26926927    0.03676929
    9.31931932    0.03671015
    9.36936937    0.03666739
    9.41941942    0.03663886
    9.46946947    0.03662234
    9.51951952    0.03661557
    9.56956957    0.03661633
    9.61961962    0.03662249
    9.66966967    0.03663207
    9.71971972    0.03664332
    9.76976977    0.03665470
    9.81981982    0.03666494
    9.86986987    0.03667306
    9.91991992    0.03667831
    9.96996997    0.03668021
   10.02002002    0.03667845
   10.07007007    0.03667290
   10.12012012    0.03666351
   10.17017017    0.03665025
   10.22022022    0.03663313
   10.27027027    0.03661205
   10.32032032    0.03658684
   10.37037037    0.03655723
   10.42042042    0.03652281
   10.47047047    0.03648308
   10.52052052    0.03643746
   10.57057057    0.03638533
   10.62062062    0.03632609
   10.67067067    0.03625919
   10.72072072    0.03618418
   10.77077077    0.03610078
   10.82082082    0.03600890
   10.87087087    0.03590867
   10.92092092    0.03580048
   10.97097097    0.03568495
   11.02102102    0.03556297
   11.07107107    0.03543565
   11.12112112    0.03530432
   11.17117117    0.03517052
   11.22122122    0.03503589
   11.27127127    0.03490219
   11.32132132    0.03477119
   11.37137137    0.03464459
   11.42142142    0.03452397
   11.47147147    0.03441069
   11.52152152    0.03430580
   11.57157157    0.03421000
   11.62162162    0.03412355
   11.67167167    0.03404628
   11.72172172    0.03397760
   11.77177177    0.03391646
   11.82182182    0.03386150
   11.87187187    0.03381105
   11.92192192    0.03376324
   11.97197197    0.03371612
   12.02202202    0.03366774
   12.07207207    0.03361628
   12.12212212    0.03356010
   12.17217217    0.03349782
   12.22222222    0.03342841
   12.27227227    0.03335115
   12.32232232    0.03326568
   12.37237237    0.03317197
   12.42242242    0.03307026
   12.47247247    0.03296101
   12.52252252    0.03284487
   12.57257257    0.03272258
   12.62262262    0.03259495
   12.67267267    0.03246281
   12.72272272    0.03232696
   12.77277277    0.03218817
   12.82282282    0.03204715
   12.87287287    0.03190459
   12.92292292    0.03176112
   12.97297297    0.03161734
   13.02302302    0.03147379
   13.07307307    0.03133100
   13.12312312    0.03118944
   13.17317317    0.03104952
   13.22322322    0.03091159
   13.27327327    0.03077588
   13.32332332    0.03064254
   13.37337337    0.03051159
   13.42342342    0.03038294
   13.47347347    0.03025636
   13.52352352    0.03013153
   13.57357357    0.03000802
   13.62362362    0.02988532
   13.67367367    0.02976290
   13.72372372    0.02964021
   13.77377377    0.02951674
   13.82382382    0.02939206
   13.87387387    0.02926588
   13.92392392    0.02913804
   13.97397397    0.02900860
   14.02402402    0.02887781
   14.07407407    0.02874613
   14.12412412    0.02861420
   14.17417417    0.02848282
   14.22422422    0.02835291
   14.27427427    0.02822542
   14.32432432    0.02810136
   14.37437437    0.02798166
   14.42442442    0.02786719
   14.47447447    0.02775870
   14.52452452    0.02765680
   14.57457457    0.02756195
   14.62462462    0.02747444
   14.67467467    0.02739444
   14.72472472    0.02732196
   14.77477477    0.02725691
   14.82482482    0.02719911
   14.87487487    0.02714833
   14.92492492    0.02710429
   14.97497497    0.02706671
   15.02502503    0.02703530
   15.07507508    0.02700981
   15.12512513    0.02699000
   15.17517518    0.02697566
   15.22522523    0.02696658
   15.27527528    0.02696256
   15.32532533    0.02696336
   15.37537538    0.02696872
   15.42542543    0.02697829
   15.47547548    0.02699165
   15.52552553    0.02700828
   15.57557558    0.02702758
   15.62562563    0.02704883
   15.67567568    0.02707125
   15.72572573    0.02709398
   15.77577578    0.02711615
   15.82582583    0.02713688
   15.87587588    0.02715532
   15.92592593    0.02717065
   15.97597598    0.02718217
   16.02602603    0.02718922
   16.07607608    0.02719127
   16.12612613    0.02718782
   16.17617618    0.02717849
   16.22622623    0.02716294
   16.27627628    0.02714086
   16.32632633    0.02711202
   16.37637638    0.02707618
   16.42642643    0.02703317
   16.47647648    0.02698288
   16.52652653    0.02692524
   16.57657658    0.02686030
   16.62662663    0.02678820
   16.67667668    0.02670923
   16.72672673    0.02662380
   16.77677678    0.02653250
   16.82682683    0.02643606
   16.87687688    0.02633538
   16.92692693    0.02623147
   16.97697698    0.02612547
   17.02702703    0.02601858
   17.07707708    0.02591204
   17.12712713    0.02580711
   17.17717718    0.02570500
   17.22722723    0.02560685
   17.27727728    0.02551369
   17.32732733    0.02542642
   17.37737738    0.02534579
   17.42742743    0.02527238
   17.47747748    0.02520664
   17.52752753    0.02514884
   17.57757758    0.02509914
   17.62762763    0.02505758
   17.67767768    0.02502414
   17.72772773    0.02499873
   17.77777778    0.02498125
   17.82782783    0.02497160
   17.87787788    0.02496971
   17.92792793    0.02497554
   17.97797798    0.02498908
   18.02802803    0.02501037
   18.07807808    0.02503946
   18.12812813    0.02507642
   18.17817818    0.02512130
   18.22822823    0.02517413
   18.27827828    0.02523487
   18.32832833    0.02530343
   18.37837838    0.02537959
   18.42842843    0.02546305
   18.47847848    0.02555339
   18.52852853    0.02565006
   18.57857858    0.02575242
   18.62862863    0.02585970
   18.67867868    0.02597108
   18.72872873    0.02608564
   18.77877878    0.02620248
   18.82882883    0.02632063
   18.87887888    0.02643920
   18.92892893    0.02655730
   18.97897898    0.02667414
   19.02902903    0.02678901
   19.07907908    0.02690128
   19.12912913    0.02701046
   19.17917918    0.02711615
   19.22922923    0.02721809
   19.27927928    0.02731610
   19.32932933    0.02741011
   19.37937938    0.02750015
   19.42942943    0.02758628
   19.47947948    0.02766861
   19.52952953    0.02774727
   19.57957958    0.02782239
   19.62962963    0.02789408
   19.67967968    0.02796243
   19.72972973    0.02802749
   19.77977978    0.02808931
   19.82982983    0.02814792
   19.87987988    0.02820338
   19.92992993    0.02825576
   19.97997998    0.02830520
   20.03003003    0.02835193
   20.08008008    0.02839625
   20.13013013    0.02843858
   20.18018018    0.02847944
   20.23023023    0.02851944
   20.28028028    0.02855931
   20.33033033    0.02859983
   20.38038038    0.02864183
   20.43043043    0.02868616
   20.48048048    0.02873365
   20.53053053    0.02878508
   20.58058058    0.02884117
   20.63063063    0.02890250
   20.68068068    0.02896957
   20.73073073    0.02904270
   20.78078078    0.02912212
   20.83083083    0.02920789
   20.88088088    0.02930001
   20.93093093    0.02939836
   20.98098098    0.02950277
   21.03103103    0.02961304
   21.08108108    0.02972896
   21.13113113    0.02985035
   21.18118118    0.02997700
   21.23123123    0.03010875
   21.28128128    0.03024542
   21.33133133    0.03038679
   21.38138138    0.03053259
   21.43143143    0.03068246
   21.48148148    0.03083591
   21.53153153    0.03099227
   21.58158158    0.03115072
   21.63163163    0.03131021
   21.68168168    0.03146946
   21.73173173    0.03162697
   21.78178178    0.03178101
   21.83183183    0.03192965
   21.88188188    0.03207076
   21.93193193    0.03220209
   21.98198198    0.03232130
   22.03203203    0.03242599
   22.08208208    0.03251385
   22.13213213    0.03258267
   22.18218218    0.03263043
   22.23223223    0.03265538
   22.28228228    0.03265613
   22.33233233    0.03263166
   22.38238238    0.03258140
   22.43243243    0.03250524
   22.48248248    0.03240354
   22.53253253    0.03227710
   22.58258258    0.03212715
   22.63263263    0.03195529
   22.68268268    0.03176343
   22.73273273    0.03155371
   22.78278278    0.03132843
   22.83283283    0.03108993
   22.88288288    0.03084059
   22.93293293    0.03058269
   22.98298298    0.03031834
   23.03303303    0.03004950
   23.08308308    0.02977788
   23.13313313    0.02950492
   23.18318318    0.02923182
   23.23323323    0.02895950
   23.28328328    0.02868866
   23.33333333    0.02841974
   23.38338338    0.02815306
   23.43343343    0.02788876
   23.48348348    0.02762691
   23.53353353    0.02736755
   23.58358358    0.02711071
   23.63363363    0.02685649
   23.68368368    0.02660509
   23.73373373    0.02635681
   23.78378378    0.02611210
   23.83383383    0.02587154
   23.88388388    0.02563588
   23.93393393    0.02540595
   23.98398398    0.02518270
   24.03403403    0.02496715
   24.08408408    0.02476033
   24.13413413    0.02456326
   24.18418418    0.02437688
   24.23423423    0.02420206
   24.28428428    0.02403948
   24.33433433    0.02388968
   24.38438438    0.02375299
   24.43443443    0.02362949
   24.48448448    0.02351907
   24.53453453    0.02342137
   24.58458458    0.02333580
   24.63463463    0.02326158
   24.68468468    0.02319777
   24.73473473    0.02314326
   24.78478478    0.02309685
   24.83483483    0.02305730
   24.88488488    0.02302331
   24.93493493    0.02299364
   24.98498498    0.02296710
   25.03503504    0.02294258
   25.08508509    0.02291909
   25.13513514    0.02289579
   25.18518519    0.02287196
   25.23523524    0.02284702
   25.28528529    0.02282054
   25.33533534    0.02279220
   25.38538539    0.02276176
   25.43543544    0.02272908
   25.48548549    0.02269405
   25.53553554    0.02265660
   25.58558559    0.02261662
   25.63563564    0.02257403
   25.68568569    0.02252866
   25.73573574    0.02248031
   25.78578579    0.02242871
   25.83583584    0.02237354
   25.88588589    0.02231441
   25.93593594    0.02225093
   25.98598599    0.02218266
   26.03603604    0.02210923
   26.08608609    0.02203028
   26.13613614    0.02194557
   26.18618619    0.02185496
   26.23623624    0.02175849
   26.28628629    0.02165636
   26.33633634    0.02154895
   26.38638639    0.02143685
   26.43643644    0.02132083
   26.48648649    0.02120183
   26.53653654    0.02108093
   26.58658659    0.02095936
   26.63663664    0.02083840
   26.68668669    0.02071940
   26.73673674    0.02060374
   26.78678679    0.02049277
   26.83683684    0.02038783
   26.88688689    0.02029019
   26.93693694    0.02020106
   26.98698699    0.02012156
   27.03703704    0.02005270
   27.08708709    0.01999539
   27.13713714    0.01995043
   27.18718719    0.01991850
   27.23723724    0.01990012
   27.28728729    0.01989572
   27.33733734    0.01990556
   27.38738739    0.01992977
   27.43743744    0.01996833
   27.48748749    0.02002109
   27.53753754    0.02008775
   27.58758759    0.02016790
   27.63763764    0.02026103
   27.68768769    0.02036651
   27.73773774    0.02048365
   27.78778779    0.02061168
   27.83783784    0.02074979
   27.88788789    0.02089715
   27.93793794    0.02105287
   27.98798799    0.02121607
   28.03803804    0.02138581
   28.08808809    0.02156114
   28.13813814    0.02174104
   28.18818819    0.02192445
   28.23823824    0.02211024
   28.28828829    0.02229721
   28.33833834    0.02248409
   28.38838839    0.02266954
   28.43843844    0.02285219
   28.48848849    0.02303063
   28.53853854    0.02320345
   28.58858859    0.02336930
   28.63863864    0.02352690
   28.68868869    0.02367509
   28.73873874    0.02381283
   28.78878879    0.02393929
   28.83883884    0.02405380
   28.88888889    0.02415592
   28.93893894    0.02424541
   28.98898899    0.02432222
   29.03903904    0.02438653
   29.08908909    0.02443869
   29.13913914    0.02447922
   29.18918919    0.02450881
   29.23923924    0.02452825
   29.28928929    0.02453844
   29.33933934    0.02454036
   29.38938939    0.02453499
   29.43943944    0.02452331
   29.48948949    0.02450627
   29.53953954    0.02448469
   29.58958959    0.02445927
   29.63963964    0.02443056
   29.68968969    0.02439888
   29.73973974    0.02436435
   29.78978979    0.02432686
   29.83983984    0.02428609
   29.88988989    0.02424152
   29.93993994    0.02419247
   29.98998999    0.02413813
   30.04004004    0.02407765
   30.09009009    0.02401018
   30.14014014    0.02393494
   30.19019019    0.02385129
   30.24024024    0.02375877
   30.29029029    0.02365716
   30.34034034    0.02354650
   30.39039039    0.02342710
   30.44044044    0.02329951
   30.49049049    0.02316455
   30.54054054    0.02302321
   30.59059059    0.02287668
   30.64064064    0.02272620
   30.69069069    0.02257312
   30.74074074    0.02241877
   30.79079079    0.02226446
   30.84084084    0.02211148
   30.89089089    0.02196100
   30.94094094    0.02181414
   30.99099099    0.02167191
   31.04104104    0.02153527
   31.09109109    0.02140506
   31.14114114    0.02128210
   31.19119119    0.02116712
   31.24124124    0.02106081
   31.29129129    0.02096385
   31.34134134    0.02087683
   31.39139139    0.02080035
   31.44144144    0.02073496
   31.49149149    0.02068117
   31.54154154    0.02063942
   31.59159159    0.02061011
   31.64164164    0.02059356
   31.69169169    0.02059000
   31.74174174    0.02059956
   31.79179179    0.02062225
   31.84184184    0.02065796
   31.89189189    0.02070642
   31.94194194    0.02076723
   31.99199199    0.02083982
   32.04204204    0.02092347
   32.09209209    0.02101729
   32.14214214    0.02112024
   32.19219219    0.02123113
   32.24224224    0.02134864
   32.29229229    0.02147133
   32.34234234    0.02159764
   32.39239239    0.02172598
   32.44244244    0.02185468
   32.49249249    0.02198210
   32.54254254    0.02210661
   32.59259259    0.02222668
   32.64264264    0.02234090
   32.69269269    0.02244802
   32.74274274    0.02254697
   32.79279279    0.02263694
   32.84284284    0.02271732
   32.89289289    0.02278778
   32.94294294    0.02284820
   32.99299299    0.02289867
   33.04304304    0.02293947
   33.09309309    0.02297102
   33.14314314    0.02299382
   33.19319319    0.02300845
   33.24324324    0.02301550
   33.29329329    0.02301554
   33.34334334    0.02300910
   33.39339339    0.02299665
   33.44344344    0.02297860
   33.49349349    0.02295530
   33.54354354    0.02292705
   33.59359359    0.02289410
   33.64364364    0.02285671
   33.69369369    0.02281513
   33.74374374    0.02276965
   33.79379379    0.02272058
   33.84384384    0.02266833
   33.89389389    0.02261334
   33.94394394    0.02255616
   33.99399399    0.02249740
   34.04404404    0.02243775
   34.09409409    0.02237795
   34.14414414    0.02231881
   34.19419419    0.02226114
   34.24424424    0.02220579
   34.29429429    0.02215357
   34.34434434    0.02210527
   34.39439439    0.02206165
   34.44444444    0.02202337
   34.49449449    0.02199102
   34.54454454    0.02196509
   34.59459459    0.02194598
   34.64464464    0.02193398
   34.69469469    0.02192930
   34.74474474    0.02193204
   34.79479479    0.02194224
   34.84484484    0.02195986
   34.89489489    0.02198484
   34.94494494    0.02201705
   34.99499499    0.02205634
   35.04504505    0.02210256
   35.09509510    0.02215553
   35.14514515    0.02221507
   35.19519520    0.02228097
   35.24524525    0.02235303
   35.29529530    0.02243099
   35.34534535    0.02251459
   35.39539540    0.02260351
   35.44544545    0.02269738
   35.49549550    0.02279579
   35.54554555    0.02289827
   35.59559560    0.02300428
   35.64564565    0.02311326
   35.69569570    0.02322457
   35.74574575    0.02333754
   35.79579580    0.02345147
   35.84584585    0.02356563
   35.89589590    0.02367928
   35.94594595    0.02379168
   35.99599600    0.02390210
   36.04604605    0.02400983
   36.09609610    0.02411420
   36.14614615    0.02421460
   36.19619620    0.02431048
   36.24624625    0.02440135
   36.29629630    0.02448682
   36.34634635    0.02456658
   36.39639640    0.02464043
   36.44644645    0.02470825
   36.49649650    0.02477005
   36.54654655    0.02482591
   36.59659660    0.02487603
   36.64664665    0.02492071
   36.69669670    0.02496029
   36.74674675    0.02499522
   36.79679680    0.02502601
   36.84684685    0.02505320
   36.89689690    0.02507739
   36.94694695    0.02509920
   36.99699700    0.02511928
   37.04704705    0.02513829
   37.09709710    0.02515688
   37.14714715    0.02517574
   37.19719720    0.02519550
   37.24724725    0.02521680
   37.29729730    0.02524026
   37.34734735    0.02526644
   37.39739740    0.02529587
   37.44744745    0.02532904
   37.49749750    0.02536634
   37.54754755    0.02540813
   37.59759760    0.02545469
   37.64764765    0.02550620
   37.69769770    0.02556280
   37.74774775    0.02562453
   37.79779780    0.02569139
   37.84784785    0.02576329
   37.89789790    0.02584014
   37.94794795    0.02592179
   37.99799800    0.02600807
   38.04804805    0.02609883
   38.09809810    0.02619391
   38.14814815    0.02629318
   38.19819820    0.02639655
   38.24824825    0.02650394
   38.29829830    0.02661534
   38.34834835    0.02673076
   38.39839840    0.02685024
   38.44844845    0.02697386
   38.49849850    0.02710170
   38.54854855    0.02723385
   38.59859860    0.02737038
   38.64864865    0.02751135
   38.69869870    0.02765674
   38.74874875    0.02780649
   38.79879880    0.02796045
   38.84884885    0.02811838
   38.89889890    0.02827993
   38.94894895    0.02844460
   38.99899900    0.02861179
   39.04904905    0.02878078
   39.09909910    0.02895072
   39.14914915    0.02912065
   39.19919920    0.02928954
   39.24924925    0.02945630
   39.29929930    0.02961984
   39.34934935    0.02977910
   39.39939940    0.02993308
   39.44944945    0.03008093
   39.49949950    0.03022197
   39.54954955    0.03035575
   39.59959960    0.03048208
   39.64964965    0.03060106
   39.69969970    0.03071310
   39.74974975    0.03081893
   39.79979980    0.03091956
   39.84984985    0.03101629
   39.89989990    0.03111065
   39.94994995    0.03120431
   40.00000000    0.03129906
