# Final state angular momentum:   1
# Broadening parameter (in eV):    0.800
# Absorbing atom type (xiabs):   2
# Energy (eV)   sigma
  -10.00000000    0.00097555
   -9.94994995    0.00097987
   -9.89989990    0.00098422
   -9.84984985    0.00098862
   -9.79979980    0.00099305
   -9.74974975    0.00099752
   -9.69969970    0.00100203
   -9.64964965    0.00100658
   -9.59959960    0.00101117
   -9.54954955    0.00101581
   -9.49949950    0.00102048
   -9.44944945    0.00102520
   -9.39939940    0.00102996
   -9.34934935    0.00103476
   -9.29929930    0.00103961
   -9.24924925    0.00104450
   -9.19919920    0.00104944
   -9.14914915    0.00105443
   -9.09909910    0.00105946
   -9.04904905    0.00106453
   -8.99899900    0.00106966
   -8.94894895    0.00107483
   -8.89889890    0.00108006
   -8.84884885    0.00108533
   -8.79879880    0.00109065
   -8.74874875    0.00109603
   -8.69869870    0.00110146
   -8.64864865    0.00110694
   -8.59859860    0.00111247
   -8.54854855    0.00111806
   -8.49849850    0.00112370
   -8.44844845    0.00112940
   -8.39839840    0.00113516
   -8.34834835    0.00114097
   -8.29829830    0.00114685
   -8.24824825    0.00115278
   -8.19819820    0.00115877
   -8.14814815    0.00116483
   -8.09809810    0.00117095
   -8.04804805    0.00117713
   -7.99799800    0.00118337
   -7.94794795    0.00118968
   -7.89789790    0.00119606
   -7.84784785    0.00120250
   -7.79779780    0.00120901
   -7.74774775    0.00121559
   -7.69769770    0.00122225
   -7.64764765    0.00122897
   -7.59759760    0.00123577
   -7.54754755    0.00124264
   -7.49749750    0.00124959
   -7.44744745    0.00125661
   -7.39739740    0.00126371
   -7.34734735    0.00127089
   -7.29729730    0.00127815
   -7.24724725    0.00128550
   -7.19719720    0.00129292
   -7.14714715    0.00130043
   -7.09709710    0.00130803
   -7.04704705    0.00131572
   -6.99699700    0.00132349
   -6.94694695    0.00133136
   -6.89689690    0.00133932
   -6.84684685    0.00134737
   -6.79679680    0.00135552
   -6.74674675    0.00136376
   -6.69669670    0.00137211
   -6.64664665    0.00138056
   -6.59659660    0.00138911
   -6.54654655    0.00139776
   -6.49649650    0.00140653
   -6.44644645    0.00141540
   -6.39639640    0.00142438
   -6.34634635    0.00143347
   -6.29629630    0.00144269
   -6.24624625    0.00145201
   -6.19619620    0.00146146
   -6.14614615    0.00147104
   -6.09609610    0.00148073
   -6.04604605    0.00149056
   -5.99599600    0.00150051
   -5.94594595    0.00151060
   -5.89589590    0.00152082
   -5.84584585    0.00153118
   -5.79579580    0.00154168
   -5.74574575    0.00155232
   -5.69569570    0.00156311
   -5.64564565    0.00157406
   -5.59559560    0.00158515
   -5.54554555    0.00159640
   -5.49549550    0.00160782
   -5.44544545    0.00161939
   -5.39539540    0.00163114
   -5.34534535    0.00164305
   -5.29529530    0.00165514
   -5.24524525    0.00166741
   -5.19519520    0.00167986
   -5.14514515    0.00169250
   -5.09509510    0.00170533
   -5.04504505    0.00171836
   -4.99499499    0.00173159
   -4.94494494    0.00174503
   -4.89489489    0.00175867
   -4.84484484    0.00177254
   -4.79479479    0.00178662
   -4.74474474    0.00180093
   -4.69469469    0.00181548
   -4.64464464    0.00183027
   -4.59459459    0.00184530
   -4.54454454    0.00186058
   -4.49449449    0.00187612
   -4.44444444    0.00189193
   -4.39439439    0.00190801
   -4.34434434    0.00192437
   -4.29429429    0.00194102
   -4.24424424    0.00195796
   -4.19419419    0.00197521
   -4.14414414    0.00199278
   -4.09409409    0.00201066
   -4.04404404    0.00202888
   -3.99399399    0.00204744
   -3.94394394    0.00206636
   -3.89389389    0.00208563
   -3.84384384    0.00210528
   -3.79379379    0.00212532
   -3.74374374    0.00214576
   -3.69369369    0.00216660
   -3.64364364    0.00218788
   -3.59359359    0.00220959
   -3.54354354    0.00223175
   -3.49349349    0.00225439
   -3.44344344    0.00227750
   -3.39339339    0.00230113
   -3.34334334    0.00232527
   -3.29329329    0.00234995
   -3.24324324    0.00237519
   -3.19319319    0.00240101
   -3.14314314    0.00242743
   -3.09309309    0.00245447
   -3.04304304    0.00248216
   -2.99299299    0.00251053
   -2.94294294    0.00253959
   -2.89289289    0.00256939
   -2.84284284    0.00259995
   -2.79279279    0.00263129
   -2.74274274    0.00266347
   -2.69269269    0.00269650
   -2.64264264    0.00273043
   -2.59259259    0.00276531
   -2.54254254    0.00280116
   -2.49249249    0.00283804
   -2.44244244    0.00287601
   -2.39239239    0.00291510
   -2.34234234    0.00295537
   -2.29229229    0.00299689
   -2.24224224    0.00303972
   -2.19219219    0.00308392
   -2.14214214    0.00312956
   -2.09209209    0.00317674
   -2.04204204    0.00322552
   -1.99199199    0.00327600
   -1.94194194    0.00332827
   -1.89189189    0.00338245
   -1.84184184    0.00343863
   -1.79179179    0.00349695
   -1.74174174    0.00355753
   -1.69169169    0.00362051
   -1.64164164    0.00368605
   -1.59159159    0.00375431
   -1.54154154    0.00382547
   -1.49149149    0.00389973
   -1.44144144    0.00397729
   -1.39139139    0.00405838
   -1.34134134    0.00414326
   -1.29129129    0.00423219
   -1.24124124    0.00432546
   -1.19119119    0.00442340
   -1.14114114    0.00452634
   -1.09109109    0.00463466
   -1.04104104    0.00474877
   -0.99099099    0.00486910
   -0.94094094    0.00499612
   -0.89089089    0.00513033
   -0.84084084    0.00527229
   -0.79079079    0.00542255
   -0.74074074    0.00558171
   -0.69069069    0.00575042
   -0.64064064    0.00592930
   -0.59059059    0.00611901
   -0.54054054    0.00632020
   -0.49049049    0.00653347
   -0.44044044    0.00675938
   -0.39039039    0.00699840
   -0.34034034    0.00725085
   -0.29029029    0.00751689
   -0.24024024    0.00779644
   -0.19019019    0.00808910
   -0.14014014    0.00839414
   -0.09009009    0.00870948
   -0.04004004    0.00903377
    0.01001001    0.00936821
    0.06006006    0.00970727
    0.11011011    0.01004585
    0.16016016    0.01038212
    0.21021021    0.01071142
    0.26026026    0.01102912
    0.31031031    0.01133044
    0.36036036    0.01161077
    0.41041041    0.01186585
    0.46046046    0.01209217
    0.51051051    0.01228713
    0.56056056    0.01244934
    0.61061061    0.01257870
    0.66066066    0.01267645
    0.71071071    0.01274508
    0.76076076    0.01278819
    0.81081081    0.01281015
    0.86086086    0.01281590
    0.91091091    0.01281055
    0.96096096    0.01279912
    1.01101101    0.01278629
    1.06106106    0.01277619
    1.11111111    0.01277230
    1.16116116    0.01277742
    1.21121121    0.01279365
    1.26126126    0.01282244
    1.31131131    0.01286470
    1.36136136    0.01292090
    1.41141141    0.01299113
    1.46146146    0.01307522
    1.51151151    0.01317282
    1.56156156    0.01328344
    1.61161161    0.01340648
    1.66166166    0.01354127
    1.71171171    0.01368703
    1.76176176    0.01384290
    1.81181181    0.01400793
    1.86186186    0.01418111
    1.91191191    0.01436134
    1.96196196    0.01454754
    2.01201201    0.01473871
    2.06206206    0.01493399
    2.11211211    0.01513274
    2.16216216    0.01533465
    2.21221221    0.01553974
    2.26226226    0.01574842
    2.31231231    0.01596146
    2.36236236    0.01617994
    2.41241241    0.01640517
    2.46246246    0.01663858
    2.51251251    0.01688162
    2.56256256    0.01713568
    2.61261261    0.01740198
    2.66266266    0.01768151
    2.71271271    0.01797504
    2.76276276    0.01828309
    2.81281281    0.01860598
    2.86286286    0.01894390
    2.91291291    0.01929699
    2.96296296    0.01966544
    3.01301301    0.02004953
    3.06306306    0.02044974
    3.11311311    0.02086676
    3.16316316    0.02130146
    3.21321321    0.02175488
    3.26326326    0.02222811
    3.31331331    0.02272223
    3.36336336    0.02323820
    3.41341341    0.02377673
    3.46346346    0.02433831
    3.51351351    0.02492311
    3.56356356    0.02553106
    3.61361361    0.02616194
    3.66366366    0.02681548
    3.71371371    0.02749150
    3.76376376    0.02819006
    3.81381381    0.02891165
    3.86386386    0.02965718
    3.91391391    0.03042813
    3.96396396    0.03122644
    4.01401401    0.03205450
    4.06406406    0.03291499
    4.11411411    0.03381071
    4.16416416    0.03474444
    4.21421421    0.03571874
    4.26426426    0.03673582
    4.31431431    0.03779746
    4.36436436    0.03890494
    4.41441441    0.04005907
    4.46446446    0.04126023
    4.51451451    0.04250850
    4.56456456    0.04380381
    4.61461461    0.04514605
    4.66466466    0.04653526
    4.71471471    0.04797170
    4.76476476    0.04945587
    4.81481481    0.05098854
    4.86486486    0.05257058
    4.91491491    0.05420283
    4.96496496    0.05588586
    5.01501502    0.05761974
    5.06506507    0.05940386
    5.11511512    0.06123665
    5.16516517    0.06311553
    5.21521522    0.06503674
    5.26526527    0.06699529
    5.31531532    0.06898489
    5.36536537    0.07099790
    5.41541542    0.07302525
    5.46546547    0.07505640
    5.51551552    0.07707925
    5.56556557    0.07908013
    5.61561562    0.08104380
    5.66566567    0.08295357
    5.71571572    0.08479147
    5.76576577    0.08653855
    5.81581582    0.08817536
    5.86586587    0.08968244
    5.91591592    0.09104097
    5.96596597    0.09223340
    6.01601602    0.09324407
    6.06606607    0.09405984
    6.11611612    0.09467050
    6.16616617    0.09506909
    6.21621622    0.09525217
    6.26626627    0.09521979
    6.31631632    0.09497550
    6.36636637    0.09452622
    6.41641642    0.09388196
    6.46646647    0.09305562
    6.51651652    0.09206258
    6.56656657    0.09092036
    6.61661662    0.08964812
    6.66666667    0.08826614
    6.71671672    0.08679529
    6.76676677    0.08525635
    6.81681682    0.08366948
    6.86686687    0.08205366
    6.91691692    0.08042615
    6.96696697    0.07880218
    7.01701702    0.07719471
    7.06706707    0.07561429
    7.11711712    0.07406912
    7.16716717    0.07256525
    7.21721722    0.07110674
    7.26726727    0.06969609
    7.31731732    0.06833446
    7.36736737    0.06702212
    7.41741742    0.06575866
    7.46746747    0.06454330
    7.51751752    0.06337504
    7.56756757    0.06225278
    7.61761762    0.06117540
    7.66766767    0.06014175
    7.71771772    0.05915067
    7.76776777    0.05820096
    7.81781782    0.05729140
    7.86786787    0.05642075
    7.91791792    0.05558779
    7.96796797    0.05479139
    8.01801802    0.05403056
    8.06806807    0.05330452
    8.11811812    0.05261279
    8.16816817    0.05195521
    8.21821822    0.05133197
    8.26826827    0.05074359
    8.31831832    0.05019092
    8.36836837    0.04967503
    8.41841842    0.04919712
    8.46846847    0.04875845
    8.51851852    0.04836020
    8.56856857    0.04800338
    8.61861862    0.04768866
    8.66866867    0.04741635
    8.71871872    0.04718630
    8.76876877    0.04699784
    8.81881882    0.04684980
    8.86886887    0.04674049
    8.91891892    0.04666777
    8.96896897    0.04662913
    9.01901902    0.04662175
    9.06906907    0.04664264
    9.11911912    0.04668873
    9.16916917    0.04675698
    9.21921922    0.04684446
    9.26926927    0.04694843
    9.31931932    0.04706637
    9.36936937    0.04719600
    9.41941942    0.04733524
    9.46946947    0.04748225
    9.51951952    0.04763529
    9.56956957    0.04779276
    9.61961962    0.04795314
    9.66966967    0.04811497
    9.71971972    0.04827686
    9.76976977    0.04843756
    9.81981982    0.04859597
    9.86986987    0.04875123
    9.91991992    0.04890276
    9.96996997    0.04905034
   10.02002002    0.04919412
   10.07007007    0.04933463
   10.12012012    0.04947270
   10.17017017    0.04960944
   10.22022022    0.04974611
   10.27027027    0.04988400
   10.32032032    0.05002430
   10.37037037    0.05016799
   10.42042042    0.05031573
   10.47047047    0.05046781
   10.52052052    0.05062411
   10.57057057    0.05078412
   10.62062062    0.05094697
   10.67067067    0.05111152
   10.72072072    0.05127643
   10.77077077    0.05144025
   10.82082082    0.05160146
   10.87087087    0.05175857
   10.92092092    0.05191010
   10.97097097    0.05205462
   11.02102102    0.05219080
   11.07107107    0.05231739
   11.12112112    0.05243328
   11.17117117    0.05253752
   11.22122122    0.05262942
   11.27127127    0.05270851
   11.32132132    0.05277462
   11.37137137    0.05282788
   11.42142142    0.05286866
   11.47147147    0.05289752
   11.52152152    0.05291515
   11.57157157    0.05292227
   11.62162162    0.05291959
   11.67167167    0.05290775
   11.72172172    0.05288731
   11.77177177    0.05285873
   11.82182182    0.05282246
   11.87187187    0.05277894
   11.92192192    0.05272863
   11.97197197    0.05267204
   12.02202202    0.05260973
   12.07207207    0.05254225
   12.12212212    0.05247011
   12.17217217    0.05239374
   12.22222222    0.05231339
   12.27227227    0.05222914
   12.32232232    0.05214086
   12.37237237    0.05204825
   12.42242242    0.05195091
   12.47247247    0.05184837
   12.52252252    0.05174022
   12.57257257    0.05162618
   12.62262262    0.05150619
   12.67267267    0.05138043
   12.72272272    0.05124936
   12.77277277    0.05111374
   12.82282282    0.05097455
   12.87287287    0.05083297
   12.92292292    0.05069032
   12.97297297    0.05054795
   13.02302302    0.05040717
   13.07307307    0.05026916
   13.12312312    0.05013491
   13.17317317    0.05000513
   13.22322322    0.04988019
   13.27327327    0.04976011
   13.32332332    0.04964456
   13.37337337    0.04953283
   13.42342342    0.04942393
   13.47347347    0.04931659
   13.52352352    0.04920937
   13.57357357    0.04910071
   13.62362362    0.04898904
   13.67367367    0.04887281
   13.72372372    0.04875061
   13.77377377    0.04862118
   13.82382382    0.04848352
   13.87387387    0.04833687
   13.92392392    0.04818074
   13.97397397    0.04801499
   14.02402402    0.04783976
   14.07407407    0.04765547
   14.12412412    0.04746284
   14.17417417    0.04726284
   14.22422422    0.04705662
   14.27427427    0.04684553
   14.32432432    0.04663102
   14.37437437    0.04641460
   14.42442442    0.04619781
   14.47447447    0.04598208
   14.52452452    0.04576875
   14.57457457    0.04555894
   14.62462462    0.04535347
   14.67467467    0.04515283
   14.72472472    0.04495713
   14.77477477    0.04476603
   14.82482482    0.04457875
   14.87487487    0.04439414
   14.92492492    0.04421063
   14.97497497    0.04402643
   15.02502503    0.04383954
   15.07507508    0.04364791
   15.12512513    0.04344956
   15.17517518    0.04324272
   15.22522523    0.04302590
   15.27527528    0.04279798
   15.32532533    0.04255831
   15.37537538    0.04230667
   15.42542543    0.04204331
   15.47547548    0.04176891
   15.52552553    0.04148453
   15.57557558    0.04119152
   15.62562563    0.04089152
   15.67567568    0.04058628
   15.72572573    0.04027769
   15.77577578    0.03996764
   15.82582583    0.03965797
   15.87587588    0.03935042
   15.92592593    0.03904658
   15.97597598    0.03874779
   16.02602603    0.03845513
   16.07607608    0.03816941
   16.12612613    0.03789107
   16.17617618    0.03762026
   16.22622623    0.03735681
   16.27627628    0.03710026
   16.32632633    0.03684992
   16.37637638    0.03660492
   16.42642643    0.03636428
   16.47647648    0.03612695
   16.52652653    0.03589193
   16.57657658    0.03565828
   16.62662663    0.03542520
   16.67667668    0.03519206
   16.72672673    0.03495846
   16.77677678    0.03472418
   16.82682683    0.03448926
   16.87687688    0.03425396
   16.92692693    0.03401874
   16.97697698    0.03378427
   17.02702703    0.03355138
   17.07707708    0.03332101
   17.12712713    0.03309421
   17.17717718    0.03287210
   17.22722723    0.03265578
   17.27727728    0.03244634
   17.32732733    0.03224477
   17.37737738    0.03205198
   17.42742743    0.03186874
   17.47747748    0.03169563
   17.52752753    0.03153308
   17.57757758    0.03138133
   17.62762763    0.03124044
   17.67767768    0.03111028
   17.72772773    0.03099061
   17.77777778    0.03088102
   17.82782783    0.03078104
   17.87787788    0.03069011
   17.92792793    0.03060769
   17.97797798    0.03053321
   18.02802803    0.03046622
   18.07807808    0.03040630
   18.12812813    0.03035322
   18.17817818    0.03030685
   18.22822823    0.03026723
   18.27827828    0.03023455
   18.32832833    0.03020912
   18.37837838    0.03019138
   18.42842843    0.03018181
   18.47847848    0.03018095
   18.52852853    0.03018932
   18.57857858    0.03020739
   18.62862863    0.03023557
   18.67867868    0.03027417
   18.72872873    0.03032337
   18.77877878    0.03038325
   18.82882883    0.03045372
   18.87887888    0.03053461
   18.92892893    0.03062557
   18.97897898    0.03072618
   19.02902903    0.03083589
   19.07907908    0.03095407
   19.12912913    0.03108002
   19.17917918    0.03121301
   19.22922923    0.03135228
   19.27927928    0.03149707
   19.32932933    0.03164667
   19.37937938    0.03180038
   19.42942943    0.03195754
   19.47947948    0.03211756
   19.52952953    0.03227982
   19.57957958    0.03244375
   19.62962963    0.03260873
   19.67967968    0.03277414
   19.72972973    0.03293929
   19.77977978    0.03310345
   19.82982983    0.03326584
   19.87987988    0.03342568
   19.92992993    0.03358216
   19.97997998    0.03373454
   20.03003003    0.03388211
   20.08008008    0.03402425
   20.13013013    0.03416041
   20.18018018    0.03429014
   20.23023023    0.03441305
   20.28028028    0.03452878
   20.33033033    0.03463699
   20.38038038    0.03473730
   20.43043043    0.03482931
   20.48048048    0.03491255
   20.53053053    0.03498649
   20.58058058    0.03505058
   20.63063063    0.03510426
   20.68068068    0.03514704
   20.73073073    0.03517851
   20.78078078    0.03519847
   20.83083083    0.03520694
   20.88088088    0.03520424
   20.93093093    0.03519106
   20.98098098    0.03516845
   21.03103103    0.03513787
   21.08108108    0.03510115
   21.13113113    0.03506047
   21.18118118    0.03501832
   21.23123123    0.03497736
   21.28128128    0.03494040
   21.33133133    0.03491024
   21.38138138    0.03488960
   21.43143143    0.03488100
   21.48148148    0.03488666
   21.53153153    0.03490840
   21.58158158    0.03494762
   21.63163163    0.03500516
   21.68168168    0.03508135
   21.73173173    0.03517590
   21.78178178    0.03528796
   21.83183183    0.03541607
   21.88188188    0.03555824
   21.93193193    0.03571197
   21.98198198    0.03587434
   22.03203203    0.03604211
   22.08208208    0.03621180
   22.13213213    0.03637985
   22.18218218    0.03654270
   22.23223223    0.03669696
   22.28228228    0.03683943
   22.33233233    0.03696729
   22.38238238    0.03707805
   22.43243243    0.03716963
   22.48248248    0.03724034
   22.53253253    0.03728886
   22.58258258    0.03731419
   22.63263263    0.03731562
   22.68268268    0.03729269
   22.73273273    0.03724511
   22.78278278    0.03717273
   22.83283283    0.03707554
   22.88288288    0.03695361
   22.93293293    0.03680715
   22.98298298    0.03663644
   23.03303303    0.03644190
   23.08308308    0.03622411
   23.13313313    0.03598381
   23.18318318    0.03572198
   23.23323323    0.03543978
   23.28328328    0.03513862
   23.33333333    0.03482014
   23.38338338    0.03448616
   23.43343343    0.03413867
   23.48348348    0.03377977
   23.53353353    0.03341164
   23.58358358    0.03303645
   23.63363363    0.03265630
   23.68368368    0.03227322
   23.73373373    0.03188909
   23.78378378    0.03150560
   23.83383383    0.03112427
   23.88388388    0.03074642
   23.93393393    0.03037317
   23.98398398    0.03000550
   24.03403403    0.02964421
   24.08408408    0.02928999
   24.13413413    0.02894343
   24.18418418    0.02860507
   24.23423423    0.02827539
   24.28428428    0.02795485
   24.33433433    0.02764388
   24.38438438    0.02734292
   24.43443443    0.02705238
   24.48448448    0.02677262
   24.53453453    0.02650399
   24.58458458    0.02624679
   24.63463463    0.02600124
   24.68468468    0.02576751
   24.73473473    0.02554564
   24.78478478    0.02533562
   24.83483483    0.02513731
   24.88488488    0.02495050
   24.93493493    0.02477483
   24.98498498    0.02460990
   25.03503504    0.02445518
   25.08508509    0.02431008
   25.13513514    0.02417395
   25.18518519    0.02404606
   25.23523524    0.02392567
   25.28528529    0.02381201
   25.33533534    0.02370430
   25.38538539    0.02360175
   25.43543544    0.02350359
   25.48548549    0.02340906
   25.53553554    0.02331741
   25.58558559    0.02322792
   25.63563564    0.02313987
   25.68568569    0.02305256
   25.73573574    0.02296531
   25.78578579    0.02287745
   25.83583584    0.02278830
   25.88588589    0.02269724
   25.93593594    0.02260363
   25.98598599    0.02250690
   26.03603604    0.02240652
   26.08608609    0.02230203
   26.13613614    0.02219304
   26.18618619    0.02207928
   26.23623624    0.02196061
   26.28628629    0.02183701
   26.33633634    0.02170863
   26.38638639    0.02157578
   26.43643644    0.02143889
   26.48648649    0.02129858
   26.53653654    0.02115557
   26.58658659    0.02101070
   26.63663664    0.02086488
   26.68668669    0.02071908
   26.73673674    0.02057428
   26.78678679    0.02043146
   26.83683684    0.02029155
   26.88688689    0.02015543
   26.93693694    0.02002389
   26.98698699    0.01989764
   27.03703704    0.01977727
   27.08708709    0.01966324
   27.13713714    0.01955593
   27.18718719    0.01945556
   27.23723724    0.01936226
   27.28728729    0.01927602
   27.33733734    0.01919673
   27.38738739    0.01912417
   27.43743744    0.01905801
   27.48748749    0.01899783
   27.53753754    0.01894315
   27.58758759    0.01889338
   27.63763764    0.01884790
   27.68768769    0.01880604
   27.73773774    0.01876711
   27.78778779    0.01873039
   27.83783784    0.01869522
   27.88788789    0.01866093
   27.93793794    0.01862694
   27.98798799    0.01859271
   28.03803804    0.01855782
   28.08808809    0.01852193
   28.13813814    0.01848480
   28.18818819    0.01844628
   28.23823824    0.01840633
   28.28828829    0.01836499
   28.33833834    0.01832235
   28.38838839    0.01827856
   28.43843844    0.01823380
   28.48848849    0.01818827
   28.53853854    0.01814215
   28.58858859    0.01809562
   28.63863864    0.01804884
   28.68868869    0.01800190
   28.73873874    0.01795490
   28.78878879    0.01790782
   28.83883884    0.01786066
   28.88888889    0.01781329
   28.93893894    0.01776556
   28.98898899    0.01771726
   29.03903904    0.01766812
   29.08908909    0.01761779
   29.13913914    0.01756594
   29.18918919    0.01751215
   29.23923924    0.01745603
   29.28928929    0.01739717
   29.33933934    0.01733519
   29.38938939    0.01726975
   29.43943944    0.01720054
   29.48948949    0.01712734
   29.53953954    0.01704999
   29.58958959    0.01696843
   29.63963964    0.01688269
   29.68968969    0.01679288
   29.73973974    0.01669923
   29.78978979    0.01660203
   29.83983984    0.01650165
   29.88988989    0.01639855
   29.93993994    0.01629320
   29.98998999    0.01618614
   30.04004004    0.01607792
   30.09009009    0.01596906
   30.14014014    0.01586010
   30.19019019    0.01575155
   30.24024024    0.01564387
   30.29029029    0.01553749
   30.34034034    0.01543280
   30.39039039    0.01533013
   30.44044044    0.01522976
   30.49049049    0.01513195
   30.54054054    0.01503690
   30.59059059    0.01494477
   30.64064064    0.01485571
   30.69069069    0.01476981
   30.74074074    0.01468714
   30.79079079    0.01460776
   30.84084084    0.01453168
   30.89089089    0.01445892
   30.94094094    0.01438947
   30.99099099    0.01432329
   31.04104104    0.01426037
   31.09109109    0.01420065
   31.14114114    0.01414411
   31.19119119    0.01409070
   31.24124124    0.01404041
   31.29129129    0.01399323
   31.34134134    0.01394916
   31.39139139    0.01390822
   31.44144144    0.01387048
   31.49149149    0.01383599
   31.54154154    0.01380485
   31.59159159    0.01377718
   31.64164164    0.01375310
   31.69169169    0.01373275
   31.74174174    0.01371628
   31.79179179    0.01370382
   31.84184184    0.01369551
   31.89189189    0.01369147
   31.94194194    0.01369181
   31.99199199    0.01369661
   32.04204204    0.01370590
   32.09209209    0.01371970
   32.14214214    0.01373798
   32.19219219    0.01376066
   32.24224224    0.01378765
   32.29229229    0.01381876
   32.34234234    0.01385379
   32.39239239    0.01389250
   32.44244244    0.01393458
   32.49249249    0.01397972
   32.54254254    0.01402754
   32.59259259    0.01407767
   32.64264264    0.01412971
   32.69269269    0.01418327
   32.74274274    0.01423797
   32.79279279    0.01429345
   32.84284284    0.01434939
   32.89289289    0.01440552
   32.94294294    0.01446164
   32.99299299    0.01451763
   33.04304304    0.01457345
   33.09309309    0.01462914
   33.14314314    0.01468485
   33.19319319    0.01474080
   33.24324324    0.01479728
   33.29329329    0.01485467
   33.34334334    0.01491339
   33.39339339    0.01497388
   33.44344344    0.01503663
   33.49349349    0.01510209
   33.54354354    0.01517070
   33.59359359    0.01524285
   33.64364364    0.01531888
   33.69369369    0.01539903
   33.74374374    0.01548349
   33.79379379    0.01557230
   33.84384384    0.01566545
   33.89389389    0.01576281
   33.94394394    0.01586415
   33.99399399    0.01596915
   34.04404404    0.01607744
   34.09409409    0.01618858
   34.14414414    0.01630209
   34.19419419    0.01641747
   34.24424424    0.01653427
   34.29429429    0.01665203
   34.34434434    0.01677038
   34.39439439    0.01688903
   34.44444444    0.01700778
   34.49449449    0.01712654
   34.54454454    0.01724538
   34.59459459    0.01736444
   34.64464464    0.01748401
   34.69469469    0.01760451
   34.74474474    0.01772640
   34.79479479    0.01785028
   34.84484484    0.01797675
   34.89489489    0.01810649
   34.94494494    0.01824016
   34.99499499    0.01837841
   35.04504505    0.01852187
   35.09509510    0.01867110
   35.14514515    0.01882660
   35.19519520    0.01898880
   35.24524525    0.01915802
   35.29529530    0.01933450
   35.34534535    0.01951838
   35.39539540    0.01970969
   35.44544545    0.01990838
   35.49549550    0.02011427
   35.54554555    0.02032712
   35.59559560    0.02054659
   35.64564565    0.02077226
   35.69569570    0.02100364
   35.74574575    0.02124018
   35.79579580    0.02148124
   35.84584585    0.02172618
   35.89589590    0.02197428
   35.94594595    0.02222482
   35.99599600    0.02247706
   36.04604605    0.02273027
   36.09609610    0.02298372
   36.14614615    0.02323674
   36.19619620    0.02348869
   36.24624625    0.02373899
   36.29629630    0.02398713
   36.34634635    0.02423269
   36.39639640    0.02447530
   36.44644645    0.02471471
   36.49649650    0.02495073
   36.54654655    0.02518326
   36.59659660    0.02541227
   36.64664665    0.02563783
   36.69669670    0.02586006
   36.74674675    0.02607920
   36.79679680    0.02629551
   36.84684685    0.02650934
   36.89689690    0.02672111
   36.94694695    0.02693125
   36.99699700    0.02714022
   37.04704705    0.02734851
   37.09709710    0.02755657
   37.14714715    0.02776482
   37.19719720    0.02797361
   37.24724725    0.02818323
   37.29729730    0.02839385
   37.34734735    0.02860555
   37.39739740    0.02881824
   37.44744745    0.02903174
   37.49749750    0.02924570
   37.54754755    0.02945965
   37.59759760    0.02967299
   37.64764765    0.02988499
   37.69769770    0.03009484
   37.74774775    0.03030168
   37.79779780    0.03050462
   37.84784785    0.03070279
   37.89789790    0.03089540
   37.94794795    0.03108179
   37.99799800    0.03126143
   38.04804805    0.03143405
   38.09809810    0.03159956
   38.14814815    0.03175817
   38.19819820    0.03191033
   38.24824825    0.03205673
   38.29829830    0.03219830
   38.34834835    0.03233615
   38.39839840    0.03247156
   38.44844845    0.03260588
   38.49849850    0.03274053
   38.54854855    0.03287691
   38.59859860    0.03301640
   38.64864865    0.03316026
   38.69869870    0.03330966
   38.74874875    0.03346558
   38.79879880    0.03362888
   38.84884885    0.03380019
   38.89889890    0.03397998
   38.94894895    0.03416852
   38.99899900    0.03436594
   39.04904905    0.03457217
   39.09909910    0.03478703
   39.14914915    0.03501022
   39.19919920    0.03524135
   39.24924925    0.03547998
   39.29929930    0.03572562
   39.34934935    0.03597779
   39.39939940    0.03623601
   39.44944945    0.03649984
   39.49949950    0.03676888
   39.54954955    0.03704275
   39.59959960    0.03732116
   39.64964965    0.03760384
   39.69969970    0.03789054
   39.74974975    0.03818102
   39.79979980    0.03847506
   39.84984985    0.03877235
   39.89989990    0.03907256
   39.94994995    0.03937522
   40.00000000    0.03967976
