# Final state angular momentum:   1
# Broadening parameter (in eV):    0.200
# Absorbing atom type (xiabs):   2
# Energy (eV)   sigma
  -10.00000000    0.00030169
   -9.94994995    0.00030274
   -9.89989990    0.00030380
   -9.84984985    0.00030486
   -9.79979980    0.00030593
   -9.74974975    0.00030701
   -9.69969970    0.00030810
   -9.64964965    0.00030920
   -9.59959960    0.00031030
   -9.54954955    0.00031141
   -9.49949950    0.00031253
   -9.44944945    0.00031365
   -9.39939940    0.00031479
   -9.34934935    0.00031593
   -9.29929930    0.00031708
   -9.24924925    0.00031824
   -9.19919920    0.00031941
   -9.14914915    0.00032059
   -9.09909910    0.00032177
   -9.04904905    0.00032297
   -8.99899900    0.00032417
   -8.94894895    0.00032538
   -8.89889890    0.00032660
   -8.84884885    0.00032783
   -8.79879880    0.00032907
   -8.74874875    0.00033032
   -8.69869870    0.00033158
   -8.64864865    0.00033285
   -8.59859860    0.00033413
   -8.54854855    0.00033541
   -8.49849850    0.00033671
   -8.44844845    0.00033802
   -8.39839840    0.00033933
   -8.34834835    0.00034066
   -8.29829830    0.00034200
   -8.24824825    0.00034335
   -8.19819820    0.00034471
   -8.14814815    0.00034608
   -8.09809810    0.00034746
   -8.04804805    0.00034885
   -7.99799800    0.00035025
   -7.94794795    0.00035167
   -7.89789790    0.00035309
   -7.84784785    0.00035453
   -7.79779780    0.00035598
   -7.74774775    0.00035744
   -7.69769770    0.00035891
   -7.64764765    0.00036039
   -7.59759760    0.00036189
   -7.54754755    0.00036340
   -7.49749750    0.00036492
   -7.44744745    0.00036645
   -7.39739740    0.00036800
   -7.34734735    0.00036956
   -7.29729730    0.00037113
   -7.24724725    0.00037272
   -7.19719720    0.00037432
   -7.14714715    0.00037593
   -7.09709710    0.00037756
   -7.04704705    0.00037920
   -6.99699700    0.00038086
   -6.94694695    0.00038253
   -6.89689690    0.00038421
   -6.84684685    0.00038591
   -6.79679680    0.00038762
   -6.74674675    0.00038935
   -6.69669670    0.00039110
   -6.64664665    0.00039286
   -6.59659660    0.00039463
   -6.54654655    0.00039642
   -6.49649650    0.00039823
   -6.44644645    0.00040006
   -6.39639640    0.00040190
   -6.34634635    0.00040375
   -6.29629630    0.00040563
   -6.24624625    0.00040752
   -6.19619620    0.00040943
   -6.14614615    0.00041135
   -6.09609610    0.00041330
   -6.04604605    0.00041526
   -5.99599600    0.00041724
   -5.94594595    0.00041924
   -5.89589590    0.00042126
   -5.84584585    0.00042330
   -5.79579580    0.00042536
   -5.74574575    0.00042743
   -5.69569570    0.00042953
   -5.64564565    0.00043165
   -5.59559560    0.00043379
   -5.54554555    0.00043595
   -5.49549550    0.00043813
   -5.44544545    0.00044033
   -5.39539540    0.00044256
   -5.34534535    0.00044480
   -5.29529530    0.00044707
   -5.24524525    0.00044936
   -5.19519520    0.00045168
   -5.14514515    0.00045402
   -5.09509510    0.00045638
   -5.04504505    0.00045877
   -4.99499499    0.00046118
   -4.94494494    0.00046361
   -4.89489489    0.00046608
   -4.84484484    0.00046856
   -4.79479479    0.00047108
   -4.74474474    0.00047362
   -4.69469469    0.00047619
   -4.64464464    0.00047878
   -4.59459459    0.00048141
   -4.54454454    0.00048406
   -4.49449449    0.00048674
   -4.44444444    0.00048945
   -4.39439439    0.00049219
   -4.34434434    0.00049496
   -4.29429429    0.00049776
   -4.24424424    0.00050059
   -4.19419419    0.00050346
   -4.14414414    0.00050635
   -4.09409409    0.00050928
   -4.04404404    0.00051225
   -3.99399399    0.00051524
   -3.94394394    0.00051828
   -3.89389389    0.00052134
   -3.84384384    0.00052445
   -3.79379379    0.00052759
   -3.74374374    0.00053076
   -3.69369369    0.00053398
   -3.64364364    0.00053723
   -3.59359359    0.00054053
   -3.54354354    0.00054386
   -3.49349349    0.00054724
   -3.44344344    0.00055065
   -3.39339339    0.00055411
   -3.34334334    0.00055761
   -3.29329329    0.00056116
   -3.24324324    0.00056475
   -3.19319319    0.00056839
   -3.14314314    0.00057207
   -3.09309309    0.00057581
   -3.04304304    0.00057959
   -2.99299299    0.00058342
   -2.94294294    0.00058730
   -2.89289289    0.00059123
   -2.84284284    0.00059522
   -2.79279279    0.00059926
   -2.74274274    0.00060336
   -2.69269269    0.00060751
   -2.64264264    0.00061172
   -2.59259259    0.00061600
   -2.54254254    0.00062033
   -2.49249249    0.00062472
   -2.44244244    0.00062918
   -2.39239239    0.00063370
   -2.34234234    0.00063829
   -2.29229229    0.00064295
   -2.24224224    0.00064768
   -2.19219219    0.00065248
   -2.14214214    0.00065736
   -2.09209209    0.00066231
   -2.04204204    0.00066734
   -1.99199199    0.00067246
   -1.94194194    0.00067765
   -1.89189189    0.00068293
   -1.84184184    0.00068831
   -1.79179179    0.00069377
   -1.74174174    0.00069932
   -1.69169169    0.00070498
   -1.64164164    0.00071074
   -1.59159159    0.00071660
   -1.54154154    0.00072257
   -1.49149149    0.00072865
   -1.44144144    0.00073486
   -1.39139139    0.00074119
   -1.34134134    0.00074764
   -1.29129129    0.00075424
   -1.24124124    0.00076097
   -1.19119119    0.00076786
   -1.14114114    0.00077491
   -1.09109109    0.00078212
   -1.04104104    0.00078952
   -0.99099099    0.00079710
   -0.94094094    0.00080490
   -0.89089089    0.00081292
   -0.84084084    0.00082118
   -0.79079079    0.00082970
   -0.74074074    0.00083853
   -0.69069069    0.00084767
   -0.64064064    0.00085719
   -0.59059059    0.00086712
   -0.54054054    0.00087753
   -0.49049049    0.00088850
   -0.44044044    0.00090014
   -0.39039039    0.00091257
   -0.34034034    0.00092599
   -0.29029029    0.00094065
   -0.24024024    0.00095688
   -0.19019019    0.00097512
   -0.14014014    0.00099596
   -0.09009009    0.00101968
   -0.04004004    0.00104660
    0.01001001    0.00107738
    0.06006006    0.00111044
    0.11011011    0.00114416
    0.16016016    0.00117799
    0.21021021    0.00121251
    0.26026026    0.00124777
    0.31031031    0.00128307
    0.36036036    0.00131716
    0.41041041    0.00134910
    0.46046046    0.00137904
    0.51051051    0.00140854
    0.56056056    0.00143989
    0.61061061    0.00147524
    0.66066066    0.00151617
    0.71071071    0.00156383
    0.76076076    0.00161877
    0.81081081    0.00168007
    0.86086086    0.00174467
    0.91091091    0.00180801
    0.96096096    0.00186535
    1.01101101    0.00191188
    1.06106106    0.00194264
    1.11111111    0.00195451
    1.16116116    0.00194926
    1.21121121    0.00193403
    1.26126126    0.00191769
    1.31131131    0.00190625
    1.36136136    0.00190163
    1.41141141    0.00190308
    1.46146146    0.00190871
    1.51151151    0.00191631
    1.56156156    0.00192423
    1.61161161    0.00193208
    1.66166166    0.00194050
    1.71171171    0.00195050
    1.76176176    0.00196353
    1.81181181    0.00198148
    1.86186186    0.00200595
    1.91191191    0.00203738
    1.96196196    0.00207481
    2.01201201    0.00211624
    2.06206206    0.00215926
    2.11211211    0.00220141
    2.16216216    0.00224089
    2.21221221    0.00227727
    2.26226226    0.00231114
    2.31231231    0.00234333
    2.36236236    0.00237470
    2.41241241    0.00240688
    2.46246246    0.00244222
    2.51251251    0.00248222
    2.56256256    0.00252649
    2.61261261    0.00257374
    2.66266266    0.00262307
    2.71271271    0.00267416
    2.76276276    0.00272689
    2.81281281    0.00278092
    2.86286286    0.00283488
    2.91291291    0.00288604
    2.96296296    0.00293134
    3.01301301    0.00296931
    3.06306306    0.00300149
    3.11311311    0.00303158
    3.16316316    0.00306249
    3.21321321    0.00309522
    3.26326326    0.00313023
    3.31331331    0.00316844
    3.36336336    0.00321142
    3.41341341    0.00326162
    3.46346346    0.00332199
    3.51351351    0.00339460
    3.56356356    0.00347971
    3.61361361    0.00357562
    3.66366366    0.00367913
    3.71371371    0.00378605
    3.76376376    0.00389166
    3.81381381    0.00399211
    3.86386386    0.00408615
    3.91391391    0.00417464
    3.96396396    0.00425810
    4.01401401    0.00433606
    4.06406406    0.00440945
    4.11411411    0.00448301
    4.16416416    0.00456462
    4.21421421    0.00466216
    4.26426426    0.00478078
    4.31431431    0.00492229
    4.36436436    0.00508590
    4.41441441    0.00526905
    4.46446446    0.00546805
    4.51451451    0.00567834
    4.56456456    0.00589430
    4.61461461    0.00611047
    4.66466466    0.00632460
    4.71471471    0.00653904
    4.76476476    0.00675816
    4.81481481    0.00698493
    4.86486486    0.00722032
    4.91491491    0.00746614
    4.96496496    0.00772813
    5.01501502    0.00801490
    5.06506507    0.00833435
    5.11511512    0.00869070
    5.16516517    0.00908288
    5.21521522    0.00950589
    5.26526527    0.00995417
    5.31531532    0.01042604
    5.36536537    0.01092452
    5.41541542    0.01145128
    5.46546547    0.01200204
    5.51551552    0.01257361
    5.56556557    0.01317741
    5.61561562    0.01384041
    5.66566567    0.01458985
    5.71571572    0.01544117
    5.76576577    0.01639752
    5.81581582    0.01745577
    5.86586587    0.01861634
    5.91591592    0.01989326
    5.96596597    0.02131694
    6.01601602    0.02292749
    6.06606607    0.02476408
    6.11611612    0.02685991
    6.16616617    0.02924722
    6.21621622    0.03196922
    6.26626627    0.03509525
    6.31631632    0.03873390
    6.36636637    0.04303883
    6.41641642    0.04820733
    6.46646647    0.05447834
    6.51651652    0.06213680
    6.56656657    0.07152843
    6.61661662    0.08308764
    6.66666667    0.09737732
    6.71671672    0.11511475
    6.76676677    0.13711735
    6.81681682    0.16408343
    6.86686687    0.19613353
    6.91691692    0.23204284
    6.96696697    0.26820184
    7.01701702    0.29803632
    7.06706707    0.31363228
    7.11711712    0.31009697
    7.16716717    0.28933119
    7.21721722    0.25909299
    7.26726727    0.22807764
    7.31731732    0.20191955
    7.36736737    0.18266745
    7.41741742    0.17009531
    7.46746747    0.16283886
    7.51751752    0.15893576
    7.56756757    0.15620807
    7.61761762    0.15270635
    7.66766767    0.14715670
    7.71771772    0.13939320
    7.76776777    0.13037187
    7.81781782    0.12149498
    7.86786787    0.11382241
    7.91791792    0.10769282
    7.96796797    0.10272258
    8.01801802    0.09804617
    8.06806807    0.09277494
    8.11811812    0.08651442
    8.16816817    0.07954681
    8.21821822    0.07256614
    8.26826827    0.06625697
    8.31831832    0.06102786
    8.36836837    0.05700661
    8.41841842    0.05416225
    8.46846847    0.05240346
    8.51851852    0.05161536
    8.56856857    0.05165316
    8.61861862    0.05232202
    8.66866867    0.05338438
    8.71871872    0.05463075
    8.76876877    0.05596667
    8.81881882    0.05741635
    8.86886887    0.05905675
    8.91891892    0.06098435
    8.96896897    0.06329645
    9.01901902    0.06597826
    9.06906907    0.06876097
    9.11911912    0.07117895
    9.16916917    0.07287317
    9.21921922    0.07375277
    9.26926927    0.07379738
    9.31931932    0.07295781
    9.36936937    0.07130364
    9.41941942    0.06914089
    9.46946947    0.06696682
    9.51951952    0.06527306
    9.56956957    0.06438715
    9.61961962    0.06441458
    9.66966967    0.06522167
    9.71971972    0.06647152
    9.76976977    0.06775706
    9.81981982    0.06880326
    9.86986987    0.06960031
    9.91991992    0.07035530
    9.96996997    0.07132862
   10.02002002    0.07268391
   10.07007007    0.07439398
   10.12012012    0.07620725
   10.17017017    0.07773501
   10.22022022    0.07867637
   10.27027027    0.07897808
   10.32032032    0.07878590
   10.37037037    0.07834199
   10.42042042    0.07789685
   10.47047047    0.07757160
   10.52052052    0.07729511
   10.57057057    0.07696693
   10.62062062    0.07669655
   10.67067067    0.07681665
   10.72072072    0.07760915
   10.77077077    0.07904091
   10.82082082    0.08081088
   10.87087087    0.08257187
   10.92092092    0.08408761
   10.97097097    0.08534445
   11.02102102    0.08648303
   11.07107107    0.08755556
   11.12112112    0.08841498
   11.17117117    0.08883662
   11.22122122    0.08872448
   11.27127127    0.08818205
   11.32132132    0.08742247
   11.37137137    0.08669920
   11.42142142    0.08626677
   11.47147147    0.08631181
   11.52152152    0.08688465
   11.57157157    0.08786929
   11.62162162    0.08905144
   11.67167167    0.09028245
   11.72172172    0.09159360
   11.77177177    0.09312838
   11.82182182    0.09495557
   11.87187187    0.09695119
   11.92192192    0.09886635
   11.97197197    0.10048545
   12.02202202    0.10167123
   12.07207207    0.10234935
   12.12212212    0.10258485
   12.17217217    0.10259931
   12.22222222    0.10259797
   12.27227227    0.10259259
   12.32232232    0.10246307
   12.37237237    0.10217362
   12.42242242    0.10179134
   12.47247247    0.10129931
   12.52252252    0.10056973
   12.57257257    0.09954466
   12.62262262    0.09829488
   12.67267267    0.09691641
   12.72272272    0.09550639
   12.77277277    0.09422372
   12.82282282    0.09327471
   12.87287287    0.09279352
   12.92292292    0.09272117
   12.97297297    0.09277545
   13.02302302    0.09253746
   13.07307307    0.09162451
   13.12312312    0.08986700
   13.17317317    0.08738862
   13.22322322    0.08454605
   13.27327327    0.08176935
   13.32332332    0.07939188
   13.37337337    0.07756111
   13.42342342    0.07626563
   13.47347347    0.07542913
   13.52352352    0.07499249
   13.57357357    0.07492565
   13.62362362    0.07516170
   13.67367367    0.07551669
   13.72372372    0.07569632
   13.77377377    0.07544117
   13.82382382    0.07470927
   13.87387387    0.07370415
   13.92392392    0.07272866
   13.97397397    0.07202846
   14.02402402    0.07173254
   14.07407407    0.07187265
   14.12412412    0.07241529
   14.17417417    0.07327865
   14.22422422    0.07435292
   14.27427427    0.07551845
   14.32432432    0.07663870
   14.37437437    0.07754921
   14.42442442    0.07808805
   14.47447447    0.07816318
   14.52452452    0.07778923
   14.57457457    0.07705715
   14.62462462    0.07608899
   14.67467467    0.07502473
   14.72472472    0.07401812
   14.77477477    0.07321263
   14.82482482    0.07271261
   14.87487487    0.07258535
   14.92492492    0.07290909
   14.97497497    0.07378086
   15.02502503    0.07522051
   15.07507508    0.07709453
   15.12512513    0.07914737
   15.17517518    0.08108362
   15.22522523    0.08262600
   15.27527528    0.08355090
   15.32532533    0.08375888
   15.37537538    0.08333510
   15.42542543    0.08249346
   15.47547548    0.08148332
   15.52552553    0.08055673
   15.57557558    0.07995679
   15.62562563    0.07989794
   15.67567568    0.08053258
   15.72572573    0.08190014
   15.77577578    0.08388499
   15.82582583    0.08621448
   15.87587588    0.08851859
   15.92592593    0.09044198
   15.97597598    0.09174173
   16.02602603    0.09230901
   16.07607608    0.09214971
   16.12612613    0.09137336
   16.17617618    0.09015852
   16.22622623    0.08868127
   16.27627628    0.08706037
   16.32632633    0.08534737
   16.37637638    0.08354312
   16.42642643    0.08162207
   16.47647648    0.07956116
   16.52652653    0.07737129
   16.57657658    0.07511868
   16.62662663    0.07291648
   16.67667668    0.07088559
   16.72672673    0.06911231
   16.77677678    0.06763051
   16.82682683    0.06642769
   16.87687688    0.06545917
   16.92692693    0.06466310
   16.97697698    0.06397373
   17.02702703    0.06332821
   17.07707708    0.06267083
   17.12712713    0.06196452
   17.17717718    0.06121073
   17.22722723    0.06046412
   17.27727728    0.05982444
   17.32732733    0.05940435
   17.37737738    0.05929289
   17.42742743    0.05953349
   17.47747748    0.06012117
   17.52752753    0.06101554
   17.57757758    0.06216413
   17.62762763    0.06351928
   17.67767768    0.06502637
   17.72772773    0.06659079
   17.77777778    0.06806898
   17.82782783    0.06931580
   17.87787788    0.07026213
   17.92792793    0.07096218
   17.97797798    0.07157981
   18.02802803    0.07233119
   18.07807808    0.07341958
   18.12812813    0.07498640
   18.17817818    0.07708356
   18.22822823    0.07965557
   18.27827828    0.08252277
   18.32832833    0.08538296
   18.37837838    0.08786344
   18.42842843    0.08960678
   18.47847848    0.09034873
   18.52852853    0.09001176
   18.57857858    0.08879690
   18.62862863    0.08712937
   18.67867868    0.08544567
   18.72872873    0.08402978
   18.77877878    0.08299380
   18.82882883    0.08233022
   18.87887888    0.08196536
   18.92892893    0.08179817
   18.97897898    0.08173117
   19.02902903    0.08169093
   19.07907908    0.08162233
   19.12912913    0.08144759
   19.17917918    0.08100971
   19.22922923    0.08006158
   19.27927928    0.07836915
   19.32932933    0.07589917
   19.37937938    0.07291772
   19.42942943    0.06987073
   19.47947948    0.06716659
   19.52952953    0.06504867
   19.57957958    0.06358718
   19.62962963    0.06272525
   19.67967968    0.06233208
   19.72972973    0.06225172
   19.77977978    0.06234664
   19.82982983    0.06253066
   19.87987988    0.06278010
   19.92992993    0.06311580
   19.97997998    0.06356419
   20.03003003    0.06412088
   20.08008008    0.06473571
   20.13013013    0.06532043
   20.18018018    0.06577352
   20.23023023    0.06601702
   20.28028028    0.06603072
   20.33033033    0.06585979
   20.38038038    0.06558751
   20.43043043    0.06529566
   20.48048048    0.06504354
   20.53053053    0.06487435
   20.58058058    0.06483234
   20.63063063    0.06496970
   20.68068068    0.06533788
   20.73073073    0.06597225
   20.78078078    0.06687694
   20.83083083    0.06801078
   20.88088088    0.06928411
   20.93093093    0.07058467
   20.98098098    0.07182823
   21.03103103    0.07298358
   21.08108108    0.07403653
   21.13113113    0.07493955
   21.18118118    0.07561016
   21.23123123    0.07597426
   21.28128128    0.07600356
   21.33133133    0.07571655
   21.38138138    0.07515776
   21.43143143    0.07438190
   21.48148148    0.07344943
   21.53153153    0.07242758
   21.58158158    0.07139200
   21.63163163    0.07042267
   21.68168168    0.06958689
   21.73173173    0.06891311
   21.78178178    0.06837277
   21.83183183    0.06789034
   21.88188188    0.06738666
   21.93193193    0.06683609
   21.98198198    0.06629771
   22.03203203    0.06589224
   22.08208208    0.06574310
   22.13213213    0.06592855
   22.18218218    0.06646883
   22.23223223    0.06733682
   22.28228228    0.06846911
   22.33233233    0.06976589
   22.38238238    0.07109247
   22.43243243    0.07230251
   22.48248248    0.07326348
   22.53253253    0.07385082
   22.58258258    0.07394833
   22.63263263    0.07350832
   22.68268268    0.07261010
   22.73273273    0.07142095
   22.78278278    0.07010165
   22.83283283    0.06875447
   22.88288288    0.06742721
   22.93293293    0.06613486
   22.98298298    0.06487504
   23.03303303    0.06363865
   23.08308308    0.06242244
   23.13313313    0.06124384
   23.18318318    0.06015107
   23.23323323    0.05921817
   23.28328328    0.05852029
   23.33333333    0.05809867
   23.38338338    0.05793274
   23.43343343    0.05792715
   23.48348348    0.05791181
   23.53353353    0.05766711
   23.58358358    0.05700416
   23.63363363    0.05587183
   23.68368368    0.05437674
   23.73373373    0.05268502
   23.78378378    0.05092728
   23.83383383    0.04918209
   23.88388388    0.04749709
   23.93393393    0.04590023
   23.98398398    0.04439872
   24.03403403    0.04298168
   24.08408408    0.04162877
   24.13413413    0.04031444
   24.18418418    0.03900896
   24.23423423    0.03768804
   24.28428428    0.03635097
   24.33433433    0.03503181
   24.38438438    0.03379164
   24.43443443    0.03269680
   24.48448448    0.03179771
   24.53453453    0.03111836
   24.58458458    0.03065605
   24.63463463    0.03038695
   24.68468468    0.03027348
   24.73473473    0.03027199
   24.78478478    0.03034041
   24.83483483    0.03044477
   24.88488488    0.03056219
   24.93493493    0.03067828
   24.98498498    0.03078175
   25.03503504    0.03086181
   25.08508509    0.03091026
   25.13513514    0.03092510
   25.18518519    0.03091227
   25.23523524    0.03088371
   25.28528529    0.03085309
   25.33533534    0.03083161
   25.38538539    0.03082593
   25.43543544    0.03083867
   25.48548549    0.03086984
   25.53553554    0.03091699
   25.58558559    0.03097318
   25.63563564    0.03102543
   25.68568569    0.03105686
   25.73573574    0.03105199
   25.78578579    0.03100111
   25.83583584    0.03090203
   25.88588589    0.03076027
   25.93593594    0.03058787
   25.98598599    0.03039974
   26.03603604    0.03020837
   26.08608609    0.03002012
   26.13613614    0.02983509
   26.18618619    0.02964975
   26.23623624    0.02946003
   26.28628629    0.02926314
   26.33633634    0.02905764
   26.38638639    0.02884281
   26.43643644    0.02861822
   26.48648649    0.02838461
   26.53653654    0.02814562
   26.58658659    0.02790952
   26.63663664    0.02768956
   26.68668669    0.02750188
   26.73673674    0.02736150
   26.78678679    0.02727776
   26.83683684    0.02725120
   26.88688689    0.02727264
   26.93693694    0.02732464
   26.98698699    0.02738464
   27.03703704    0.02742838
   27.08708709    0.02743239
   27.13713714    0.02737519
   27.18718719    0.02723896
   27.23723724    0.02701542
   27.28728729    0.02671637
   27.33733734    0.02638054
   27.38738739    0.02606433
   27.43743744    0.02581939
   27.48748749    0.02567372
   27.53753754    0.02562465
   27.58758759    0.02564077
   27.63763764    0.02566985
   27.68768769    0.02565372
   27.73773774    0.02554834
   27.78778779    0.02533940
   27.83783784    0.02504179
   27.88788789    0.02468259
   27.93793794    0.02428192
   27.98798799    0.02384654
   28.03803804    0.02337775
   28.08808809    0.02288276
   28.13813814    0.02237748
   28.18818819    0.02187911
   28.23823824    0.02139731
   28.28828829    0.02093197
   28.33833834    0.02047788
   28.38838839    0.02003095
   28.43843844    0.01959165
   28.48848849    0.01916488
   28.53853854    0.01875792
   28.58858859    0.01837805
   28.63863864    0.01803090
   28.68868869    0.01771984
   28.73873874    0.01744628
   28.78878879    0.01721001
   28.83883884    0.01700869
   28.88888889    0.01683701
   28.93893894    0.01668661
   28.98898899    0.01654743
   29.03903904    0.01640882
   29.08908909    0.01625991
   29.13913914    0.01609002
   29.18918919    0.01589035
   29.23923924    0.01565603
   29.28928929    0.01538728
   29.33933934    0.01508895
   29.38938939    0.01476924
   29.43943944    0.01443854
   29.48948949    0.01410849
   29.53953954    0.01379095
   29.58958959    0.01349667
   29.63963964    0.01323383
   29.68968969    0.01300708
   29.73973974    0.01281747
   29.78978979    0.01266317
   29.83983984    0.01254061
   29.88988989    0.01244555
   29.93993994    0.01237387
   29.98998999    0.01232213
   30.04004004    0.01228806
   30.09009009    0.01227065
   30.14014014    0.01226973
   30.19019019    0.01228493
   30.24024024    0.01231483
   30.29029029    0.01235694
   30.34034034    0.01240855
   30.39039039    0.01246786
   30.44044044    0.01253446
   30.49049049    0.01260877
   30.54054054    0.01269032
   30.59059059    0.01277509
   30.64064064    0.01285380
   30.69069069    0.01291317
   30.74074074    0.01294015
   30.79079079    0.01292686
   30.84084084    0.01287304
   30.89089089    0.01278445
   30.94094094    0.01266921
   30.99099099    0.01253508
   31.04104104    0.01238912
   31.09109109    0.01223907
   31.14114114    0.01209491
   31.19119119    0.01196908
   31.24124124    0.01187432
   31.29129129    0.01181967
   31.34134134    0.01180707
   31.39139139    0.01183038
   31.44144144    0.01187727
   31.49149149    0.01193317
   31.54154154    0.01198567
   31.59159159    0.01202761
   31.64164164    0.01205791
   31.69169169    0.01207996
   31.74174174    0.01209871
   31.79179179    0.01211759
   31.84184184    0.01213691
   31.89189189    0.01215456
   31.94194194    0.01216899
   31.99199199    0.01218255
   32.04204204    0.01220248
   32.09209209    0.01223872
   32.14214214    0.01229990
   32.19219219    0.01239026
   32.24224224    0.01250882
   32.29229229    0.01265062
   32.34234234    0.01280892
   32.39239239    0.01297721
   32.44244244    0.01314989
   32.49249249    0.01332186
   32.54254254    0.01348778
   32.59259259    0.01364191
   32.64264264    0.01377873
   32.69269269    0.01389387
   32.74274274    0.01398467
   32.79279279    0.01404994
   32.84284284    0.01408932
   32.89289289    0.01410267
   32.94294294    0.01408990
   32.99299299    0.01405125
   33.04304304    0.01398820
   33.09309309    0.01390447
   33.14314314    0.01380667
   33.19319319    0.01370369
   33.24324324    0.01360512
   33.29329329    0.01351950
   33.34334334    0.01345354
   33.39339339    0.01341264
   33.44344344    0.01340181
   33.49349349    0.01342568
   33.54354354    0.01348724
   33.59359359    0.01358629
   33.64364364    0.01371871
   33.69369369    0.01387705
   33.74374374    0.01405200
   33.79379379    0.01423411
   33.84384384    0.01441528
   33.89389389    0.01458976
   33.94394394    0.01475463
   33.99399399    0.01490986
   34.04404404    0.01505793
   34.09409409    0.01520313
   34.14414414    0.01535075
   34.19419419    0.01550639
   34.24424424    0.01567572
   34.29429429    0.01586411
   34.34434434    0.01607563
   34.39439439    0.01631149
   34.44444444    0.01656892
   34.49449449    0.01684115
   34.54454454    0.01711871
   34.59459459    0.01739095
   34.64464464    0.01764740
   34.69469469    0.01787895
   34.74474474    0.01807940
   34.79479479    0.01824727
   34.84484484    0.01838712
   34.89489489    0.01850955
   34.94494494    0.01862965
   34.99499499    0.01876405
   35.04504505    0.01892723
   35.09509510    0.01912919
   35.14514515    0.01937488
   35.19519520    0.01966464
   35.24524525    0.01999421
   35.29529530    0.02035460
   35.34534535    0.02073272
   35.39539540    0.02111367
   35.44544545    0.02148404
   35.49549550    0.02183411
   35.54554555    0.02215836
   35.59559560    0.02245494
   35.64564565    0.02272508
   35.69569570    0.02297222
   35.74574575    0.02320091
   35.79579580    0.02341595
   35.84584585    0.02362232
   35.89589590    0.02382536
   35.94594595    0.02403052
   35.99599600    0.02424210
   36.04604605    0.02446191
   36.09609610    0.02468863
   36.14614615    0.02491855
   36.19619620    0.02514755
   36.24624625    0.02537336
   36.29629630    0.02559712
   36.34634635    0.02582334
   36.39639640    0.02605822
   36.44644645    0.02630697
   36.49649650    0.02657169
   36.54654655    0.02685093
   36.59659660    0.02714126
   36.64664665    0.02744007
   36.69669670    0.02774812
   36.74674675    0.02807017
   36.79679680    0.02841331
   36.84684685    0.02878390
   36.89689690    0.02918458
   36.94694695    0.02961244
   36.99699700    0.03005939
   37.04704705    0.03051430
   37.09709710    0.03096639
   37.14714715    0.03140839
   37.19719720    0.03183817
   37.24724725    0.03225776
   37.29729730    0.03267018
   37.34734735    0.03307551
   37.39739740    0.03346863
   37.44744745    0.03384031
   37.49749750    0.03418191
   37.54754755    0.03449126
   37.59759760    0.03477617
   37.64764765    0.03505225
   37.69769770    0.03533685
   37.74774775    0.03564377
   37.79779780    0.03598196
   37.84784785    0.03635713
   37.89789790    0.03677336
   37.94794795    0.03723250
   37.99799800    0.03773158
   38.04804805    0.03826003
   38.09809810    0.03879939
   38.14814815    0.03932704
   38.19819820    0.03982292
   38.24824825    0.04027539
   38.29829830    0.04068226
   38.34834835    0.04104743
   38.39839840    0.04137742
   38.44844845    0.04168077
   38.49849850    0.04196933
   38.54854855    0.04225853
   38.59859860    0.04256513
   38.64864865    0.04290271
   38.69869870    0.04327717
   38.74874875    0.04368465
   38.79879880    0.04411367
   38.84884885    0.04455079
   38.89889890    0.04498717
   38.94894895    0.04542271
   38.99899900    0.04586605
   39.04904905    0.04633101
   39.09909910    0.04683133
   39.14914915    0.04737612
   39.19919920    0.04796762
   39.24924925    0.04860218
   39.29929930    0.04927465
   39.34934935    0.04998498
   39.39939940    0.05074286
   39.44944945    0.05156685
   39.49949950    0.05247783
   39.54954955    0.05349124
   39.59959960    0.05461129
   39.64964965    0.05582787
   39.69969970    0.05711527
   39.74974975    0.05843267
   39.79979980    0.05972751
   39.84984985    0.06094137
   39.89989990    0.06201690
   39.94994995    0.06290515
   40.00000000    0.06357344
