 &plot nbnd=  36, nks=   300 /
            0.000000  0.000000  0.000000
 -44.709 -22.916 -22.885 -22.885 -16.760 -16.347 -14.695 -14.695 -14.348 -14.348
  -5.538  -4.626  -2.858  -2.858  -2.650  -1.554  -1.554  -1.450  -0.224  -0.224
   0.924   0.924   0.947   1.799   1.799   1.809   2.028   2.028   2.542   2.764
   7.588   7.804   7.804  10.254  10.254  10.347
            0.014286  0.008248  0.000000
 -44.709 -22.916 -22.885 -22.885 -16.760 -16.348 -14.695 -14.694 -14.349 -14.348
  -5.537  -4.628  -2.858  -2.855  -2.649  -1.555  -1.554  -1.451  -0.224  -0.223
   0.892   0.924   0.978   1.797   1.799   1.809   2.027   2.028   2.542   2.764
   7.590   7.804   7.805  10.253  10.254  10.348
            0.028571  0.016496  0.000000
 -44.709 -22.916 -22.885 -22.885 -16.758 -16.349 -14.694 -14.692 -14.351 -14.348
  -5.533  -4.636  -2.857  -2.845  -2.647  -1.559  -1.554  -1.452  -0.223  -0.219
   0.851   0.924   1.019   1.790   1.798   1.807   2.026   2.029   2.540   2.762
   7.594   7.804   7.810  10.249  10.255  10.350
            0.042857  0.024744  0.000000
 -44.709 -22.916 -22.885 -22.885 -16.756 -16.352 -14.694 -14.688 -14.355 -14.348
  -5.527  -4.648  -2.856  -2.830  -2.643  -1.567  -1.554  -1.454  -0.221  -0.213
   0.810   0.923   1.059   1.779   1.795   1.804   2.023   2.031   2.537   2.759
   7.601   7.804   7.817  10.244  10.256  10.352
            0.057143  0.032991  0.000000
 -44.709 -22.916 -22.886 -22.885 -16.752 -16.356 -14.694 -14.683 -14.360 -14.349
  -5.519  -4.664  -2.854  -2.808  -2.638  -1.577  -1.554  -1.457  -0.219  -0.205
   0.770   0.923   1.100   1.763   1.792   1.800   2.019   2.032   2.532   2.755
   7.611   7.804   7.826  10.236  10.258  10.356
            0.071429  0.041239  0.000000
 -44.709 -22.916 -22.886 -22.885 -16.748 -16.360 -14.694 -14.677 -14.367 -14.349
  -5.509  -4.685  -2.852  -2.782  -2.631  -1.589  -1.554  -1.461  -0.216  -0.194
   0.729   0.922   1.139   1.743   1.788   1.796   2.014   2.034   2.527   2.750
   7.623   7.805   7.839  10.227  10.259  10.362
            0.085714  0.049487  0.000000
 -44.709 -22.916 -22.886 -22.885 -16.743 -16.366 -14.693 -14.669 -14.374 -14.350
  -5.496  -4.708  -2.849  -2.751  -2.623  -1.605  -1.554  -1.466  -0.213  -0.181
   0.689   0.921   1.178   1.720   1.782   1.792   2.007   2.036   2.521   2.744
   7.638   7.806   7.853  10.216  10.262  10.369
            0.100000  0.057735  0.000000
 -44.709 -22.916 -22.887 -22.885 -16.737 -16.372 -14.693 -14.660 -14.384 -14.350
  -5.482  -4.735  -2.846  -2.716  -2.613  -1.622  -1.554  -1.471  -0.209  -0.165
   0.651   0.920   1.216   1.693   1.775   1.788   1.999   2.037   2.515   2.736
   7.654   7.807   7.870  10.205  10.264  10.378
            0.114286  0.065983  0.000000
 -44.709 -22.915 -22.887 -22.885 -16.730 -16.380 -14.692 -14.651 -14.394 -14.351
  -5.465  -4.764  -2.842  -2.678  -2.601  -1.642  -1.554  -1.477  -0.204  -0.148
   0.613   0.919   1.253   1.664   1.768   1.784   1.989   2.038   2.508   2.728
   7.671   7.809   7.890  10.192  10.267  10.389
            0.128571  0.074231  0.000000
 -44.709 -22.915 -22.887 -22.885 -16.722 -16.387 -14.691 -14.640 -14.406 -14.352
  -5.447  -4.794  -2.838  -2.639  -2.586  -1.664  -1.554  -1.483  -0.200  -0.129
   0.576   0.917   1.287   1.632   1.759   1.779   1.977   2.038   2.501   2.718
   7.689   7.811   7.911  10.179  10.271  10.402
            0.142857  0.082479  0.000000
 -44.709 -22.915 -22.888 -22.885 -16.713 -16.395 -14.691 -14.629 -14.418 -14.353
  -5.427  -4.826  -2.834  -2.603  -2.564  -1.687  -1.554  -1.490  -0.195  -0.107
   0.541   0.916   1.318   1.600   1.749   1.775   1.963   2.038   2.494   2.707
   7.706   7.815   7.934  10.165  10.276  10.416
            0.157143  0.090726  0.000001
 -44.709 -22.914 -22.889 -22.886 -16.704 -16.404 -14.690 -14.617 -14.431 -14.354
  -5.407  -4.857  -2.829  -2.577  -2.531  -1.711  -1.553  -1.498  -0.190  -0.084
   0.507   0.915   1.345   1.569   1.738   1.771   1.947   2.037   2.487   2.696
   7.723   7.821   7.959  10.151  10.281  10.432
            0.171428  0.098974  0.000001
 -44.709 -22.914 -22.889 -22.886 -16.695 -16.413 -14.689 -14.606 -14.444 -14.355
  -5.385  -4.889  -2.824  -2.558  -2.490  -1.736  -1.553  -1.506  -0.186  -0.060
   0.476   0.913   1.362   1.545   1.726   1.768   1.930   2.035   2.481   2.683
   7.736   7.830   7.985  10.138  10.288  10.449
            0.185714  0.107222  0.000001
 -44.709 -22.914 -22.890 -22.886 -16.685 -16.422 -14.688 -14.595 -14.458 -14.356
  -5.364  -4.919  -2.819  -2.540  -2.447  -1.760  -1.553  -1.514  -0.181  -0.034
   0.447   0.911   1.363   1.532   1.712   1.766   1.911   2.032   2.475   2.669
   7.747   7.842   8.012  10.124  10.296  10.468
            0.200000  0.115470  0.000001
 -44.709 -22.914 -22.890 -22.886 -16.674 -16.431 -14.687 -14.585 -14.470 -14.357
  -5.343  -4.947  -2.814  -2.522  -2.404  -1.783  -1.554  -1.522  -0.178  -0.006
   0.420   0.910   1.346   1.535   1.697   1.764   1.892   2.028   2.469   2.655
   7.754   7.857   8.040  10.112  10.306  10.487
            0.214286  0.123718  0.000001
 -44.709 -22.913 -22.891 -22.886 -16.664 -16.440 -14.686 -14.578 -14.480 -14.358
  -5.324  -4.972  -2.809  -2.504  -2.364  -1.804  -1.557  -1.528  -0.175   0.023
   0.396   0.908   1.314   1.550   1.679   1.763   1.872   2.024   2.463   2.640
   7.758   7.873   8.068  10.100  10.317  10.507
            0.228571  0.131966  0.000001
 -44.709 -22.913 -22.892 -22.886 -16.653 -16.448 -14.685 -14.575 -14.486 -14.359
  -5.308  -4.991  -2.804  -2.486  -2.329  -1.820  -1.563  -1.531  -0.172   0.053
   0.375   0.906   1.275   1.569   1.660   1.763   1.852   2.019   2.457   2.624
   7.760   7.891   8.097  10.089  10.329  10.528
            0.242857  0.140213  0.000001
 -44.709 -22.912 -22.892 -22.886 -16.643 -16.456 -14.685 -14.579 -14.485 -14.361
  -5.298  -5.003  -2.799  -2.468  -2.301  -1.829  -1.573  -1.531  -0.171   0.083
   0.357   0.904   1.232   1.589   1.638   1.764   1.833   2.013   2.452   2.609
   7.761   7.908   8.126  10.080  10.343  10.548
            0.257143  0.148461  0.000001
 -44.709 -22.912 -22.893 -22.886 -16.633 -16.463 -14.684 -14.589 -14.480 -14.362
  -5.295  -5.007  -2.794  -2.451  -2.280  -1.830  -1.584  -1.529  -0.172   0.115
   0.343   0.901   1.187   1.603   1.619   1.766   1.814   2.007   2.447   2.593
   7.761   7.924   8.155  10.073  10.358  10.568
            0.271428  0.156709  0.000001
 -44.709 -22.912 -22.894 -22.886 -16.624 -16.469 -14.683 -14.602 -14.470 -14.363
  -5.299  -5.001  -2.789  -2.436  -2.267  -1.821  -1.597  -1.526  -0.173   0.147
   0.333   0.898   1.141   1.585   1.628   1.768   1.797   2.001   2.441   2.577
   7.760   7.940   8.184  10.067  10.374  10.587
            0.285714  0.164957  0.000001
 -44.709 -22.911 -22.894 -22.886 -16.616 -16.473 -14.682 -14.618 -14.459 -14.364
  -5.309  -4.988  -2.784  -2.424  -2.260  -1.803  -1.611  -1.523  -0.177   0.179
   0.326   0.894   1.096   1.558   1.642   1.766   1.787   1.996   2.436   2.562
   7.758   7.954   8.212  10.064  10.391  10.606
            0.300000  0.173205  0.000001
 -44.709 -22.911 -22.895 -22.886 -16.610 -16.475 -14.681 -14.634 -14.448 -14.365
  -5.325  -4.968  -2.779  -2.419  -2.256  -1.778  -1.626  -1.519  -0.181   0.212
   0.324   0.888   1.053   1.529   1.654   1.754   1.786   1.991   2.430   2.547
   7.756   7.966   8.239  10.062  10.408  10.622
            0.314285  0.181453  0.000001
 -44.709 -22.911 -22.895 -22.886 -16.605 -16.475 -14.681 -14.651 -14.436 -14.366
  -5.342  -4.943  -2.774  -2.422  -2.249  -1.748  -1.640  -1.515  -0.187   0.244
   0.326   0.878   1.014   1.500   1.664   1.739   1.790   1.988   2.424   2.534
   7.753   7.977   8.266  10.064  10.426  10.637
            0.328571  0.189701  0.000001
 -44.709 -22.911 -22.896 -22.886 -16.603 -16.474 -14.682 -14.665 -14.424 -14.367
  -5.362  -4.916  -2.770  -2.434  -2.238  -1.717  -1.654  -1.510  -0.195   0.275
   0.333   0.863   0.980   1.470   1.670   1.723   1.793   1.987   2.417   2.521
   7.750   7.986   8.291  10.067  10.443  10.651
            0.342857  0.197948  0.000001
 -44.709 -22.910 -22.896 -22.886 -16.602 -16.470 -14.690 -14.673 -14.413 -14.368
  -5.381  -4.888  -2.766  -2.452  -2.222  -1.696  -1.657  -1.506  -0.203   0.302
   0.346   0.842   0.954   1.441   1.675   1.708   1.794   1.988   2.409   2.510
   7.747   7.994   8.314  10.072  10.459  10.661
            0.357143  0.206196  0.000001
 -44.709 -22.910 -22.897 -22.886 -16.602 -16.465 -14.704 -14.675 -14.402 -14.369
  -5.401  -4.859  -2.763  -2.475  -2.203  -1.702  -1.633  -1.501  -0.212   0.323
   0.368   0.813   0.935   1.413   1.678   1.694   1.794   1.992   2.401   2.501
   7.744   8.000   8.336  10.079  10.475  10.670
            0.371428  0.214444  0.000001
 -44.709 -22.910 -22.897 -22.887 -16.604 -16.459 -14.719 -14.674 -14.393 -14.370
  -5.419  -4.831  -2.759  -2.501  -2.181  -1.718  -1.601  -1.495  -0.221   0.340
   0.396   0.781   0.921   1.386   1.673   1.686   1.791   1.997   2.393   2.493
   7.741   8.006   8.357  10.088  10.489  10.677
            0.385714  0.222692  0.000001
 -44.709 -22.910 -22.898 -22.887 -16.606 -16.452 -14.733 -14.674 -14.384 -14.369
  -5.436  -4.803  -2.756  -2.527  -2.158  -1.737  -1.569  -1.490  -0.231   0.355
   0.426   0.747   0.909   1.362   1.660   1.685   1.787   2.004   2.385   2.486
   7.737   8.009   8.375  10.098  10.502  10.682
            0.400000  0.230940  0.000001
 -44.709 -22.909 -22.898 -22.887 -16.609 -16.445 -14.746 -14.673 -14.379 -14.367
  -5.451  -4.778  -2.754  -2.552  -2.134  -1.756  -1.541  -1.483  -0.240   0.371
   0.456   0.714   0.897   1.340   1.647   1.685   1.782   2.012   2.377   2.481
   7.734   8.013   8.392  10.109  10.512  10.685
            0.414285  0.239188  0.000001
 -44.709 -22.909 -22.898 -22.887 -16.612 -16.439 -14.757 -14.673 -14.377 -14.362
  -5.465  -4.754  -2.752  -2.576  -2.109  -1.776  -1.518  -1.474  -0.248   0.386
   0.486   0.683   0.885   1.321   1.635   1.685   1.777   2.019   2.369   2.477
   7.731   8.015   8.406  10.121  10.521  10.686
            0.428571  0.247436  0.000001
 -44.709 -22.909 -22.898 -22.887 -16.614 -16.433 -14.767 -14.673 -14.376 -14.357
  -5.477  -4.733  -2.750  -2.598  -2.085  -1.797  -1.503  -1.461  -0.256   0.403
   0.514   0.653   0.872   1.306   1.623   1.684   1.772   2.026   2.362   2.473
   7.728   8.016   8.418  10.132  10.528  10.687
            0.442857  0.255683  0.000001
 -44.709 -22.909 -22.899 -22.887 -16.617 -16.428 -14.776 -14.672 -14.376 -14.352
  -5.487  -4.715  -2.749  -2.616  -2.062  -1.816  -1.494  -1.446  -0.263   0.418
   0.541   0.626   0.859   1.293   1.613   1.682   1.767   2.033   2.357   2.471
   7.725   8.018   8.429  10.142  10.533  10.687
            0.457142  0.263931  0.000001
 -44.709 -22.909 -22.899 -22.887 -16.618 -16.424 -14.782 -14.672 -14.376 -14.348
  -5.494  -4.701  -2.748  -2.631  -2.040  -1.835  -1.489  -1.432  -0.268   0.434
   0.564   0.603   0.845   1.284   1.605   1.681   1.764   2.038   2.352   2.469
   7.723   8.018   8.436  10.151  10.536  10.687
            0.471428  0.272179  0.000002
 -44.709 -22.909 -22.899 -22.887 -16.620 -16.420 -14.787 -14.672 -14.377 -14.345
  -5.500  -4.691  -2.747  -2.642  -2.022  -1.852  -1.486  -1.421  -0.272   0.447
   0.579   0.587   0.834   1.278   1.599   1.679   1.762   2.042   2.349   2.467
   7.722   8.019   8.442  10.158  10.538  10.687
            0.485714  0.280427  0.000002
 -44.709 -22.909 -22.899 -22.887 -16.621 -16.419 -14.790 -14.671 -14.377 -14.344
  -5.503  -4.684  -2.747  -2.648  -2.008  -1.864  -1.484  -1.414  -0.275   0.457
   0.569   0.596   0.826   1.274   1.595   1.678   1.760   2.044   2.347   2.466
   7.721   8.019   8.446  10.163  10.539  10.686
            0.500000  0.288675  0.000002
 -44.709 -22.909 -22.899 -22.887 -16.621 -16.418 -14.791 -14.671 -14.377 -14.343
  -5.504  -4.682  -2.747  -2.651  -2.003  -1.869  -1.484  -1.411  -0.276   0.461
   0.564   0.601   0.823   1.273   1.594   1.678   1.760   2.045   2.346   2.466
   7.721   8.019   8.447  10.164  10.539  10.686
            0.508333  0.274241  0.000002
 -44.709 -22.909 -22.899 -22.887 -16.621 -16.418 -14.791 -14.671 -14.377 -14.343
  -5.503  -4.684  -2.745  -2.650  -2.001  -1.871  -1.484  -1.412  -0.274   0.457
   0.555   0.608   0.827   1.273   1.594   1.678   1.760   2.044   2.344   2.465
   7.722   8.019   8.445  10.164  10.530  10.696
            0.516667  0.259808  0.000002
 -44.709 -22.909 -22.899 -22.887 -16.619 -16.420 -14.791 -14.669 -14.379 -14.343
  -5.499  -4.690  -2.741  -2.650  -1.996  -1.876  -1.485  -1.413  -0.269   0.444
   0.538   0.623   0.839   1.275   1.596   1.679   1.761   2.042   2.339   2.462
   7.728   8.020   8.442  10.165  10.508  10.718
            0.525000  0.245374  0.000002
 -44.709 -22.909 -22.899 -22.887 -16.617 -16.422 -14.792 -14.666 -14.381 -14.343
  -5.493  -4.700  -2.734  -2.649  -1.988  -1.884  -1.487  -1.414  -0.261   0.426
   0.517   0.639   0.859   1.277   1.598   1.680   1.763   2.039   2.331   2.456
   7.737   8.021   8.436  10.166  10.481  10.745
            0.533334  0.230941  0.000002
 -44.709 -22.909 -22.899 -22.887 -16.615 -16.424 -14.793 -14.663 -14.385 -14.343
  -5.485  -4.714  -2.724  -2.648  -1.976  -1.896  -1.489  -1.417  -0.250   0.403
   0.495   0.654   0.883   1.281   1.600   1.682   1.765   2.034   2.320   2.448
   7.749   8.023   8.428  10.168  10.452  10.768
            0.541667  0.216507  0.000002
 -44.709 -22.909 -22.899 -22.887 -16.611 -16.428 -14.793 -14.658 -14.389 -14.342
  -5.474  -4.731  -2.713  -2.646  -1.962  -1.911  -1.491  -1.419  -0.237   0.378
   0.472   0.669   0.911   1.285   1.603   1.684   1.767   2.027   2.306   2.438
   7.764   8.025   8.417  10.171  10.425  10.785
            0.550001  0.202074  0.000002
 -44.709 -22.909 -22.899 -22.888 -16.607 -16.432 -14.794 -14.652 -14.395 -14.342
  -5.461  -4.751  -2.699  -2.644  -1.950  -1.923  -1.493  -1.422  -0.221   0.351
   0.448   0.681   0.942   1.291   1.606   1.686   1.771   2.020   2.290   2.426
   7.782   8.027   8.405  10.174  10.400  10.790
            0.558334  0.187640  0.000002
 -44.709 -22.908 -22.899 -22.888 -16.603 -16.437 -14.795 -14.645 -14.401 -14.341
  -5.446  -4.773  -2.684  -2.641  -1.960  -1.914  -1.496  -1.426  -0.203   0.324
   0.423   0.693   0.974   1.297   1.609   1.689   1.775   2.011   2.273   2.413
   7.802   8.029   8.391  10.177  10.378  10.783
            0.566668  0.173207  0.000002
 -44.709 -22.908 -22.898 -22.889 -16.598 -16.442 -14.797 -14.638 -14.408 -14.341
  -5.428  -4.798  -2.669  -2.636  -1.982  -1.893  -1.498  -1.430  -0.184   0.296
   0.398   0.704   1.007   1.305   1.610   1.693   1.779   2.000   2.254   2.397
   7.825   8.032   8.375  10.181  10.359  10.765
            0.575001  0.158773  0.000002
 -44.709 -22.908 -22.898 -22.889 -16.592 -16.448 -14.798 -14.630 -14.416 -14.340
  -5.409  -4.825  -2.656  -2.627  -2.009  -1.867  -1.501  -1.435  -0.164   0.269
   0.374   0.713   1.040   1.313   1.610   1.698   1.785   1.988   2.236   2.380
   7.849   8.035   8.357  10.186  10.342  10.738
            0.583335  0.144340  0.000002
 -44.709 -22.908 -22.898 -22.889 -16.586 -16.454 -14.799 -14.621 -14.424 -14.339
  -5.388  -4.853  -2.648  -2.613  -2.039  -1.840  -1.503  -1.439  -0.143   0.242
   0.349   0.722   1.073   1.323   1.608   1.703   1.791   1.975   2.219   2.362
   7.874   8.039   8.338  10.192  10.329  10.706
            0.591668  0.129906  0.000002
 -44.709 -22.908 -22.898 -22.890 -16.579 -16.461 -14.801 -14.612 -14.433 -14.339
  -5.366  -4.883  -2.643  -2.593  -2.070  -1.811  -1.506  -1.445  -0.122   0.216
   0.325   0.730   1.105   1.333   1.603   1.709   1.797   1.959   2.203   2.343
   7.901   8.042   8.318  10.199  10.319  10.671
            0.600002  0.115473  0.000002
 -44.709 -22.908 -22.898 -22.890 -16.572 -16.468 -14.803 -14.602 -14.443 -14.338
  -5.343  -4.913  -2.639  -2.572  -2.103  -1.780  -1.508  -1.450  -0.101   0.192
   0.302   0.737   1.135   1.345   1.596   1.716   1.804   1.942   2.190   2.322
   7.928   8.045   8.297  10.206  10.313  10.634
            0.608335  0.101039  0.000002
 -44.709 -22.907 -22.897 -22.891 -16.565 -16.474 -14.804 -14.592 -14.452 -14.337
  -5.318  -4.943  -2.636  -2.549  -2.137  -1.749  -1.512  -1.456  -0.079   0.168
   0.279   0.744   1.163   1.358   1.587   1.723   1.811   1.924   2.179   2.302
   7.955   8.049   8.275  10.215  10.309  10.597
            0.616669  0.086606  0.000002
 -44.709 -22.907 -22.897 -22.891 -16.558 -16.481 -14.806 -14.582 -14.462 -14.336
  -5.293  -4.973  -2.633  -2.525  -2.171  -1.718  -1.516  -1.462  -0.058   0.146
   0.258   0.751   1.189   1.372   1.574   1.731   1.818   1.905   2.172   2.282
   7.981   8.052   8.253  10.224  10.308  10.559
            0.625002  0.072172  0.000002
 -44.709 -22.907 -22.897 -22.892 -16.551 -16.488 -14.807 -14.572 -14.472 -14.335
  -5.267  -5.003  -2.630  -2.500  -2.206  -1.688  -1.521  -1.468  -0.037   0.126
   0.238   0.758   1.211   1.388   1.560   1.740   1.824   1.885   2.168   2.261
   8.007   8.056   8.230  10.234  10.311  10.523
            0.633336  0.057739  0.000002
 -44.709 -22.907 -22.896 -22.893 -16.544 -16.495 -14.809 -14.561 -14.483 -14.334
  -5.241  -5.033  -2.627  -2.475  -2.241  -1.658  -1.527  -1.475  -0.017   0.107
   0.219   0.763   1.229   1.405   1.544   1.749   1.828   1.868   2.167   2.242
   8.033   8.059   8.208  10.245  10.316  10.488
            0.641669  0.043305  0.000002
 -44.709 -22.907 -22.896 -22.893 -16.537 -16.501 -14.810 -14.551 -14.493 -14.334
  -5.214  -5.061  -2.625  -2.448  -2.275  -1.630  -1.534  -1.481   0.003   0.091
   0.203   0.768   1.243   1.422   1.526   1.759   1.827   1.856   2.168   2.224
   8.057   8.062   8.185  10.255  10.325  10.455
            0.650003  0.028872  0.000002
 -44.709 -22.907 -22.895 -22.894 -16.531 -16.508 -14.811 -14.541 -14.503 -14.333
  -5.189  -5.089  -2.623  -2.422  -2.307  -1.605  -1.543  -1.487   0.022   0.075
   0.190   0.773   1.254   1.440   1.508   1.770   1.817   1.852   2.172   2.209
   8.065   8.080   8.163  10.264  10.338  10.423
            0.658336  0.014438  0.000002
 -44.709 -22.907 -22.895 -22.894 -16.525 -16.514 -14.812 -14.531 -14.512 -14.333
  -5.163  -5.115  -2.622  -2.395  -2.339  -1.583  -1.554  -1.491   0.038   0.062
   0.180   0.775   1.260   1.457   1.490   1.781   1.804   1.853   2.178   2.196
   8.067   8.101   8.141  10.270  10.353  10.395
            0.666670  0.000005  0.000002
 -44.709 -22.907 -22.895 -22.895 -16.519 -16.519 -14.812 -14.522 -14.522 -14.333
  -5.139  -5.139  -2.621  -2.368  -2.367  -1.566  -1.566  -1.493   0.051   0.051
   0.177   0.776   1.262   1.473   1.473   1.792   1.792   1.853   2.186   2.186
   8.068   8.121   8.121  10.273  10.372  10.372
            0.658337 -0.014429  0.000002
 -44.709 -22.907 -22.895 -22.894 -16.525 -16.514 -14.812 -14.531 -14.512 -14.333
  -5.163  -5.115  -2.622  -2.395  -2.339  -1.583  -1.554  -1.491   0.038   0.062
   0.180   0.775   1.260   1.457   1.490   1.781   1.804   1.852   2.178   2.196
   8.067   8.101   8.141  10.270  10.354  10.395
            0.650003 -0.028863  0.000002
 -44.709 -22.907 -22.895 -22.894 -16.531 -16.508 -14.811 -14.541 -14.503 -14.333
  -5.189  -5.089  -2.623  -2.422  -2.308  -1.605  -1.543  -1.487   0.022   0.075
   0.190   0.773   1.254   1.440   1.508   1.770   1.817   1.852   2.172   2.209
   8.065   8.080   8.163  10.263  10.338  10.423
            0.641670 -0.043297  0.000002
 -44.709 -22.907 -22.896 -22.893 -16.537 -16.501 -14.810 -14.551 -14.493 -14.334
  -5.214  -5.061  -2.625  -2.448  -2.275  -1.630  -1.534  -1.481   0.003   0.090
   0.203   0.768   1.243   1.422   1.526   1.759   1.827   1.856   2.168   2.224
   8.057   8.062   8.185  10.254  10.326  10.454
            0.633336 -0.057731  0.000002
 -44.709 -22.907 -22.896 -22.893 -16.544 -16.495 -14.809 -14.561 -14.483 -14.334
  -5.241  -5.033  -2.627  -2.474  -2.241  -1.658  -1.527  -1.475  -0.016   0.107
   0.219   0.763   1.229   1.405   1.544   1.749   1.828   1.868   2.167   2.242
   8.033   8.059   8.208  10.244  10.317  10.488
            0.625003 -0.072165  0.000002
 -44.709 -22.907 -22.897 -22.892 -16.551 -16.488 -14.807 -14.572 -14.472 -14.335
  -5.267  -5.003  -2.630  -2.500  -2.206  -1.688  -1.521  -1.469  -0.037   0.126
   0.238   0.758   1.211   1.388   1.560   1.740   1.824   1.885   2.168   2.261
   8.007   8.056   8.231  10.234  10.312  10.523
            0.616669 -0.086599  0.000002
 -44.709 -22.907 -22.897 -22.891 -16.558 -16.481 -14.806 -14.582 -14.462 -14.336
  -5.293  -4.973  -2.633  -2.525  -2.171  -1.718  -1.516  -1.462  -0.058   0.146
   0.258   0.751   1.189   1.372   1.574   1.731   1.818   1.905   2.172   2.281
   7.981   8.052   8.253  10.224  10.309  10.559
            0.608336 -0.101034  0.000002
 -44.709 -22.907 -22.897 -22.891 -16.565 -16.474 -14.804 -14.592 -14.452 -14.337
  -5.318  -4.943  -2.636  -2.549  -2.137  -1.749  -1.512  -1.456  -0.079   0.168
   0.279   0.744   1.163   1.358   1.586   1.723   1.811   1.924   2.179   2.302
   7.954   8.049   8.275  10.214  10.310  10.596
            0.600002 -0.115468  0.000002
 -44.709 -22.908 -22.898 -22.890 -16.572 -16.468 -14.803 -14.602 -14.443 -14.338
  -5.343  -4.913  -2.639  -2.572  -2.103  -1.780  -1.508  -1.450  -0.100   0.192
   0.302   0.737   1.135   1.345   1.596   1.716   1.804   1.942   2.190   2.322
   7.927   8.045   8.297  10.206  10.313  10.634
            0.591669 -0.129902  0.000002
 -44.709 -22.908 -22.898 -22.890 -16.579 -16.461 -14.801 -14.612 -14.433 -14.339
  -5.366  -4.883  -2.643  -2.593  -2.070  -1.810  -1.506  -1.445  -0.122   0.216
   0.325   0.730   1.105   1.333   1.603   1.709   1.797   1.959   2.203   2.342
   7.901   8.042   8.318  10.198  10.320  10.671
            0.583335 -0.144336  0.000002
 -44.709 -22.908 -22.898 -22.889 -16.586 -16.454 -14.799 -14.621 -14.424 -14.339
  -5.388  -4.853  -2.648  -2.613  -2.039  -1.840  -1.503  -1.439  -0.143   0.242
   0.349   0.722   1.073   1.322   1.608   1.703   1.791   1.975   2.219   2.362
   7.874   8.038   8.338  10.192  10.330  10.706
            0.575002 -0.158770  0.000002
 -44.709 -22.908 -22.898 -22.889 -16.592 -16.448 -14.798 -14.630 -14.416 -14.340
  -5.409  -4.825  -2.656  -2.627  -2.009  -1.867  -1.501  -1.435  -0.164   0.269
   0.374   0.713   1.041   1.313   1.610   1.698   1.785   1.988   2.236   2.380
   7.849   8.035   8.357  10.186  10.343  10.738
            0.566668 -0.173204  0.000002
 -44.709 -22.908 -22.898 -22.889 -16.598 -16.442 -14.796 -14.638 -14.408 -14.341
  -5.428  -4.798  -2.669  -2.636  -1.982  -1.893  -1.498  -1.430  -0.184   0.296
   0.398   0.703   1.007   1.305   1.610   1.693   1.779   2.000   2.254   2.397
   7.825   8.032   8.375  10.182  10.359  10.764
            0.558335 -0.187638  0.000001
 -44.709 -22.908 -22.899 -22.888 -16.603 -16.437 -14.795 -14.645 -14.401 -14.341
  -5.446  -4.773  -2.684  -2.641  -1.960  -1.914  -1.496  -1.426  -0.203   0.324
   0.423   0.693   0.974   1.297   1.609   1.689   1.775   2.011   2.273   2.412
   7.802   8.029   8.391  10.177  10.378  10.783
            0.550001 -0.202072  0.000001
 -44.709 -22.909 -22.899 -22.888 -16.608 -16.432 -14.794 -14.652 -14.395 -14.342
  -5.461  -4.751  -2.699  -2.644  -1.950  -1.923  -1.493  -1.422  -0.221   0.351
   0.448   0.681   0.942   1.291   1.606   1.686   1.771   2.020   2.290   2.426
   7.782   8.027   8.405  10.174  10.400  10.790
            0.541668 -0.216506  0.000001
 -44.709 -22.909 -22.899 -22.888 -16.612 -16.428 -14.793 -14.658 -14.389 -14.342
  -5.474  -4.731  -2.712  -2.647  -1.962  -1.911  -1.491  -1.419  -0.236   0.378
   0.472   0.668   0.911   1.285   1.603   1.684   1.767   2.028   2.306   2.438
   7.764   8.024   8.418  10.171  10.425  10.784
            0.533334 -0.230940  0.000001
 -44.709 -22.909 -22.899 -22.887 -16.615 -16.424 -14.792 -14.663 -14.385 -14.343
  -5.485  -4.714  -2.724  -2.648  -1.976  -1.896  -1.489  -1.417  -0.250   0.403
   0.495   0.654   0.883   1.280   1.600   1.682   1.765   2.034   2.320   2.448
   7.749   8.022   8.428  10.169  10.452  10.768
            0.525001 -0.245374  0.000001
 -44.709 -22.909 -22.899 -22.887 -16.617 -16.422 -14.792 -14.666 -14.381 -14.343
  -5.493  -4.700  -2.734  -2.649  -1.988  -1.885  -1.487  -1.414  -0.261   0.426
   0.517   0.639   0.859   1.277   1.598   1.680   1.763   2.039   2.331   2.456
   7.736   8.021   8.436  10.167  10.480  10.744
            0.516667 -0.259808  0.000001
 -44.709 -22.909 -22.899 -22.887 -16.619 -16.420 -14.791 -14.669 -14.379 -14.343
  -5.499  -4.690  -2.741  -2.650  -1.996  -1.876  -1.485  -1.413  -0.269   0.444
   0.538   0.623   0.840   1.274   1.596   1.679   1.761   2.042   2.339   2.461
   7.728   8.020   8.442  10.166  10.508  10.718
            0.508334 -0.274242  0.000001
 -44.709 -22.909 -22.899 -22.887 -16.621 -16.418 -14.791 -14.671 -14.377 -14.343
  -5.503  -4.684  -2.745  -2.651  -2.001  -1.871  -1.484  -1.412  -0.274   0.457
   0.555   0.608   0.827   1.273   1.594   1.678   1.760   2.044   2.344   2.465
   7.722   8.019   8.446  10.165  10.530  10.695
            0.500000 -0.288676  0.000001
 -44.709 -22.909 -22.899 -22.887 -16.621 -16.418 -14.791 -14.671 -14.377 -14.343
  -5.504  -4.682  -2.746  -2.651  -2.003  -1.869  -1.484  -1.411  -0.276   0.461
   0.564   0.600   0.823   1.272   1.594   1.678   1.760   2.045   2.346   2.466
   7.721   8.019   8.447  10.165  10.539  10.686
            0.491667 -0.303110  0.000001
 -44.709 -22.909 -22.899 -22.887 -16.621 -16.418 -14.791 -14.671 -14.377 -14.343
  -5.503  -4.684  -2.745  -2.651  -2.001  -1.871  -1.484  -1.412  -0.274   0.457
   0.555   0.608   0.827   1.273   1.594   1.678   1.760   2.044   2.344   2.465
   7.722   8.019   8.446  10.165  10.530  10.695
            0.483333 -0.317544  0.000001
 -44.709 -22.909 -22.899 -22.887 -16.619 -16.420 -14.791 -14.669 -14.379 -14.343
  -5.499  -4.690  -2.741  -2.650  -1.996  -1.876  -1.485  -1.413  -0.269   0.444
   0.538   0.623   0.840   1.274   1.596   1.679   1.761   2.042   2.339   2.461
   7.728   8.020   8.442  10.166  10.508  10.718
            0.475000 -0.331978  0.000001
 -44.709 -22.909 -22.899 -22.887 -16.617 -16.422 -14.792 -14.666 -14.381 -14.343
  -5.493  -4.700  -2.734  -2.649  -1.988  -1.885  -1.487  -1.414  -0.261   0.426
   0.517   0.639   0.859   1.277   1.598   1.680   1.763   2.039   2.331   2.456
   7.736   8.021   8.436  10.167  10.480  10.744
            0.466666 -0.346412  0.000001
 -44.709 -22.909 -22.899 -22.887 -16.615 -16.424 -14.792 -14.663 -14.385 -14.343
  -5.485  -4.714  -2.724  -2.648  -1.976  -1.896  -1.489  -1.417  -0.250   0.403
   0.495   0.654   0.883   1.280   1.600   1.682   1.765   2.034   2.320   2.448
   7.749   8.022   8.428  10.169  10.452  10.768
            0.458333 -0.360846  0.000001
 -44.709 -22.909 -22.899 -22.888 -16.612 -16.428 -14.793 -14.658 -14.389 -14.342
  -5.474  -4.731  -2.712  -2.647  -1.962  -1.911  -1.491  -1.419  -0.236   0.378
   0.472   0.668   0.911   1.285   1.603   1.684   1.767   2.028   2.306   2.438
   7.764   8.024   8.418  10.171  10.425  10.784
            0.450000 -0.375280  0.000001
 -44.709 -22.909 -22.899 -22.888 -16.608 -16.432 -14.794 -14.652 -14.395 -14.342
  -5.461  -4.751  -2.699  -2.644  -1.950  -1.923  -1.493  -1.422  -0.221   0.351
   0.448   0.681   0.942   1.291   1.606   1.686   1.771   2.020   2.290   2.426
   7.782   8.027   8.405  10.174  10.400  10.790
            0.441666 -0.389715  0.000001
 -44.709 -22.908 -22.899 -22.888 -16.603 -16.437 -14.795 -14.645 -14.401 -14.341
  -5.446  -4.773  -2.684  -2.641  -1.960  -1.914  -1.496  -1.426  -0.203   0.324
   0.423   0.693   0.974   1.297   1.609   1.689   1.775   2.011   2.273   2.412
   7.802   8.029   8.391  10.177  10.378  10.783
            0.433333 -0.404149  0.000001
 -44.709 -22.908 -22.898 -22.889 -16.598 -16.442 -14.796 -14.638 -14.408 -14.341
  -5.428  -4.798  -2.669  -2.636  -1.982  -1.893  -1.498  -1.430  -0.184   0.296
   0.398   0.703   1.007   1.305   1.610   1.693   1.779   2.000   2.254   2.397
   7.825   8.032   8.375  10.182  10.359  10.764
            0.424999 -0.418583  0.000001
 -44.709 -22.908 -22.898 -22.889 -16.592 -16.448 -14.798 -14.630 -14.416 -14.340
  -5.409  -4.825  -2.656  -2.627  -2.009  -1.867  -1.501  -1.435  -0.164   0.269
   0.374   0.713   1.041   1.313   1.610   1.698   1.785   1.988   2.236   2.380
   7.849   8.035   8.357  10.186  10.343  10.738
            0.416666 -0.433017  0.000001
 -44.709 -22.908 -22.898 -22.889 -16.586 -16.454 -14.799 -14.621 -14.424 -14.339
  -5.388  -4.853  -2.648  -2.613  -2.039  -1.840  -1.503  -1.439  -0.143   0.242
   0.349   0.722   1.073   1.322   1.608   1.703   1.791   1.975   2.219   2.362
   7.874   8.038   8.338  10.192  10.330  10.706
            0.408332 -0.447451  0.000001
 -44.709 -22.908 -22.898 -22.890 -16.579 -16.461 -14.801 -14.612 -14.433 -14.339
  -5.366  -4.883  -2.643  -2.593  -2.070  -1.810  -1.506  -1.445  -0.122   0.216
   0.325   0.730   1.105   1.333   1.603   1.709   1.797   1.959   2.203   2.342
   7.901   8.042   8.318  10.198  10.320  10.671
            0.399999 -0.461885  0.000001
 -44.709 -22.908 -22.898 -22.890 -16.572 -16.468 -14.803 -14.602 -14.443 -14.338
  -5.343  -4.913  -2.639  -2.572  -2.103  -1.780  -1.508  -1.450  -0.100   0.192
   0.302   0.737   1.135   1.345   1.596   1.716   1.804   1.942   2.190   2.322
   7.927   8.045   8.297  10.206  10.313  10.634
            0.391665 -0.476319  0.000001
 -44.709 -22.907 -22.897 -22.891 -16.565 -16.474 -14.804 -14.592 -14.452 -14.337
  -5.318  -4.943  -2.636  -2.549  -2.137  -1.749  -1.512  -1.456  -0.079   0.168
   0.279   0.744   1.163   1.358   1.586   1.723   1.811   1.924   2.179   2.302
   7.954   8.049   8.275  10.214  10.310  10.596
            0.383332 -0.490753  0.000001
 -44.709 -22.907 -22.897 -22.891 -16.558 -16.481 -14.806 -14.582 -14.462 -14.336
  -5.293  -4.973  -2.633  -2.525  -2.171  -1.718  -1.516  -1.462  -0.058   0.146
   0.258   0.751   1.189   1.372   1.574   1.731   1.818   1.905   2.172   2.281
   7.981   8.052   8.253  10.224  10.309  10.559
            0.374998 -0.505187  0.000001
 -44.709 -22.907 -22.897 -22.892 -16.551 -16.488 -14.807 -14.572 -14.472 -14.335
  -5.267  -5.003  -2.630  -2.500  -2.206  -1.688  -1.521  -1.469  -0.037   0.126
   0.238   0.758   1.211   1.388   1.560   1.740   1.824   1.885   2.168   2.261
   8.007   8.056   8.231  10.234  10.312  10.523
            0.366665 -0.519621  0.000001
 -44.709 -22.907 -22.896 -22.893 -16.544 -16.495 -14.809 -14.561 -14.483 -14.334
  -5.241  -5.033  -2.627  -2.474  -2.241  -1.658  -1.527  -1.475  -0.016   0.107
   0.219   0.763   1.229   1.405   1.544   1.749   1.828   1.868   2.167   2.242
   8.033   8.059   8.208  10.244  10.317  10.488
            0.358331 -0.534055  0.000001
 -44.709 -22.907 -22.896 -22.893 -16.537 -16.501 -14.810 -14.551 -14.493 -14.334
  -5.214  -5.061  -2.625  -2.448  -2.275  -1.630  -1.534  -1.481   0.003   0.090
   0.203   0.768   1.243   1.422   1.526   1.759   1.827   1.856   2.168   2.224
   8.057   8.062   8.185  10.254  10.326  10.454
            0.349998 -0.548489  0.000001
 -44.709 -22.907 -22.895 -22.894 -16.531 -16.508 -14.811 -14.541 -14.503 -14.333
  -5.189  -5.089  -2.623  -2.422  -2.308  -1.605  -1.543  -1.487   0.022   0.075
   0.190   0.773   1.254   1.440   1.508   1.770   1.817   1.852   2.172   2.209
   8.065   8.080   8.163  10.263  10.338  10.423
            0.341664 -0.562923  0.000001
 -44.709 -22.907 -22.895 -22.894 -16.525 -16.514 -14.812 -14.531 -14.512 -14.333
  -5.163  -5.115  -2.622  -2.395  -2.339  -1.583  -1.554  -1.491   0.038   0.062
   0.180   0.775   1.260   1.457   1.490   1.781   1.804   1.852   2.178   2.196
   8.067   8.101   8.141  10.270  10.354  10.395
            0.333331 -0.577357  0.000001
 -44.709 -22.907 -22.895 -22.895 -16.519 -16.519 -14.812 -14.522 -14.522 -14.333
  -5.139  -5.139  -2.621  -2.368  -2.367  -1.566  -1.566  -1.493   0.051   0.051
   0.177   0.776   1.262   1.473   1.473   1.792   1.792   1.853   2.186   2.186
   8.068   8.121   8.121  10.273  10.372  10.372
            0.324998 -0.562923  0.000001
 -44.709 -22.907 -22.895 -22.894 -16.524 -16.514 -14.812 -14.531 -14.513 -14.333
  -5.162  -5.116  -2.622  -2.393  -2.340  -1.580  -1.557  -1.491   0.041   0.059
   0.181   0.775   1.260   1.459   1.488   1.782   1.803   1.852   2.179   2.194
   8.066   8.104   8.139  10.269  10.357  10.393
            0.316664 -0.548489  0.000001
 -44.709 -22.907 -22.895 -22.894 -16.529 -16.510 -14.811 -14.540 -14.504 -14.333
  -5.183  -5.095  -2.624  -2.416  -2.312  -1.597  -1.555  -1.484   0.034   0.061
   0.193   0.772   1.253   1.448   1.502   1.774   1.814   1.851   2.177   2.204
   8.058   8.094   8.155  10.257  10.352  10.415
            0.308331 -0.534055  0.000001
 -44.709 -22.907 -22.896 -22.893 -16.532 -16.507 -14.809 -14.548 -14.496 -14.334
  -5.201  -5.075  -2.629  -2.434  -2.284  -1.615  -1.559  -1.475   0.027   0.059
   0.212   0.765   1.242   1.441   1.515   1.769   1.823   1.849   2.179   2.215
   8.043   8.091   8.170  10.238  10.354  10.438
            0.299998 -0.519621  0.000001
 -44.709 -22.907 -22.896 -22.893 -16.536 -16.504 -14.807 -14.556 -14.488 -14.335
  -5.218  -5.058  -2.635  -2.448  -2.256  -1.635  -1.566  -1.466   0.022   0.055
   0.236   0.756   1.227   1.439   1.526   1.765   1.828   1.848   2.186   2.226
   8.026   8.090   8.182  10.218  10.361  10.461
            0.291664 -0.505188  0.000001
 -44.709 -22.907 -22.896 -22.892 -16.538 -16.503 -14.804 -14.563 -14.481 -14.337
  -5.232  -5.044  -2.644  -2.456  -2.228  -1.656  -1.575  -1.459   0.018   0.050
   0.264   0.744   1.209   1.441   1.535   1.764   1.829   1.851   2.196   2.237
   8.009   8.091   8.193  10.196  10.370  10.485
            0.283331 -0.490754  0.000001
 -44.709 -22.907 -22.897 -22.892 -16.540 -16.502 -14.800 -14.570 -14.475 -14.339
  -5.244  -5.032  -2.655  -2.461  -2.200  -1.678  -1.586  -1.453   0.014   0.047
   0.294   0.730   1.188   1.446   1.544   1.765   1.827   1.855   2.210   2.249
   7.992   8.091   8.201  10.175  10.380  10.507
            0.274998 -0.476320  0.000001
 -44.709 -22.907 -22.897 -22.891 -16.541 -16.503 -14.795 -14.576 -14.469 -14.341
  -5.254  -5.023  -2.667  -2.461  -2.173  -1.702  -1.598  -1.450   0.011   0.043
   0.326   0.714   1.167   1.456   1.552   1.766   1.825   1.858   2.226   2.261
   7.975   8.091   8.208  10.155  10.391  10.529
            0.266665 -0.461886  0.000000
 -44.709 -22.908 -22.897 -22.891 -16.542 -16.505 -14.789 -14.582 -14.464 -14.343
  -5.261  -5.017  -2.680  -2.459  -2.146  -1.727  -1.611  -1.448   0.008   0.041
   0.358   0.697   1.145   1.468   1.558   1.768   1.823   1.860   2.245   2.274
   7.959   8.090   8.214  10.136  10.402  10.548
            0.258331 -0.447452  0.000000
 -44.709 -22.908 -22.897 -22.890 -16.542 -16.508 -14.782 -14.587 -14.459 -14.346
  -5.265  -5.014  -2.692  -2.454  -2.121  -1.751  -1.626  -1.449   0.006   0.040
   0.390   0.682   1.123   1.482   1.564   1.769   1.824   1.861   2.266   2.286
   7.944   8.088   8.217  10.119  10.412  10.566
            0.249998 -0.433018  0.000000
 -44.709 -22.908 -22.897 -22.890 -16.540 -16.512 -14.774 -14.592 -14.456 -14.350
  -5.266  -5.015  -2.704  -2.447  -2.097  -1.776  -1.641  -1.450   0.003   0.040
   0.417   0.671   1.102   1.498   1.570   1.769   1.827   1.861   2.287   2.301
   7.930   8.084   8.219  10.103  10.421  10.582
            0.241665 -0.418584  0.000000
 -44.709 -22.908 -22.897 -22.890 -16.539 -16.517 -14.766 -14.595 -14.453 -14.353
  -5.265  -5.018  -2.716  -2.439  -2.075  -1.801  -1.656  -1.453  -0.001   0.041
   0.437   0.668   1.082   1.516   1.575   1.768   1.830   1.861   2.304   2.319
   7.917   8.080   8.220  10.089  10.429  10.596
            0.233332 -0.404150  0.000000
 -44.709 -22.909 -22.897 -22.889 -16.536 -16.523 -14.756 -14.598 -14.452 -14.356
  -5.262  -5.025  -2.726  -2.431  -2.056  -1.824  -1.672  -1.457  -0.005   0.043
   0.446   0.677   1.063   1.535   1.581   1.766   1.831   1.865   2.317   2.342
   7.905   8.073   8.219  10.077  10.435  10.608
            0.224998 -0.389716  0.000000
 -44.709 -22.909 -22.896 -22.889 -16.532 -16.530 -14.747 -14.600 -14.452 -14.359
  -5.255  -5.035  -2.736  -2.423  -2.041  -1.845  -1.687  -1.461  -0.010   0.045
   0.443   0.700   1.045   1.553   1.589   1.762   1.828   1.873   2.329   2.367
   7.893   8.065   8.216  10.067  10.439  10.617
            0.216665 -0.375282  0.000000
 -44.709 -22.909 -22.896 -22.889 -16.538 -16.528 -14.737 -14.601 -14.454 -14.362
  -5.247  -5.048  -2.745  -2.415  -2.030  -1.865  -1.699  -1.465  -0.016   0.049
   0.431   0.733   1.029   1.570   1.601   1.758   1.822   1.884   2.341   2.392
   7.883   8.055   8.212  10.059  10.440  10.624
            0.208332 -0.360848  0.000000
 -44.709 -22.909 -22.896 -22.888 -16.547 -16.523 -14.727 -14.600 -14.458 -14.364
  -5.235  -5.063  -2.753  -2.409  -2.027  -1.881  -1.708  -1.470  -0.024   0.054
   0.413   0.774   1.015   1.582   1.616   1.753   1.815   1.896   2.352   2.417
   7.873   8.044   8.206  10.053  10.439  10.628
            0.199998 -0.346414  0.000000
 -44.709 -22.910 -22.896 -22.888 -16.557 -16.518 -14.718 -14.598 -14.463 -14.365
  -5.221  -5.081  -2.760  -2.405  -2.031  -1.894  -1.712  -1.474  -0.032   0.059
   0.393   0.819   1.003   1.592   1.635   1.747   1.808   1.910   2.363   2.441
   7.864   8.030   8.199  10.049  10.435  10.630
            0.191665 -0.331980  0.000000
 -44.709 -22.910 -22.895 -22.888 -16.567 -16.511 -14.710 -14.593 -14.469 -14.366
  -5.204  -5.101  -2.767  -2.403  -2.043  -1.902  -1.711  -1.478  -0.042   0.063
   0.374   0.865   0.994   1.601   1.655   1.739   1.802   1.924   2.374   2.466
   7.855   8.015   8.190  10.046  10.428  10.627
            0.183332 -0.317546  0.000000
 -44.709 -22.910 -22.895 -22.887 -16.578 -16.504 -14.703 -14.587 -14.477 -14.366
  -5.185  -5.123  -2.774  -2.405  -2.064  -1.905  -1.705  -1.482  -0.053   0.067
   0.356   0.909   0.990   1.610   1.670   1.732   1.797   1.937   2.384   2.489
   7.847   7.998   8.179  10.046  10.419  10.622
            0.174999 -0.303113  0.000000
 -44.709 -22.911 -22.894 -22.887 -16.589 -16.497 -14.698 -14.578 -14.487 -14.366
  -5.164  -5.146  -2.780  -2.410  -2.091  -1.903  -1.695  -1.486  -0.065   0.068
   0.342   0.938   1.005   1.619   1.676   1.733   1.796   1.951   2.395   2.512
   7.840   7.980   8.167  10.048  10.408  10.612
            0.166665 -0.288679  0.000000
 -44.709 -22.911 -22.894 -22.887 -16.601 -16.489 -14.694 -14.567 -14.497 -14.365
  -5.171  -5.141  -2.786  -2.419  -2.124  -1.896  -1.682  -1.489  -0.077   0.065
   0.334   0.943   1.045   1.627   1.669   1.743   1.797   1.963   2.405   2.535
   7.833   7.960   8.152  10.051  10.396  10.599
            0.158332 -0.274245  0.000000
 -44.709 -22.912 -22.893 -22.887 -16.613 -16.480 -14.691 -14.555 -14.508 -14.364
  -5.197  -5.115  -2.791  -2.430  -2.162  -1.885  -1.668  -1.492  -0.090   0.059
   0.332   0.940   1.094   1.630   1.659   1.755   1.804   1.975   2.414   2.556
   7.827   7.940   8.136  10.057  10.383  10.582
            0.149999 -0.259811  0.000000
 -44.709 -22.912 -22.893 -22.887 -16.625 -16.472 -14.689 -14.542 -14.520 -14.363
  -5.223  -5.088  -2.797  -2.444  -2.204  -1.869  -1.653  -1.495  -0.102   0.048
   0.336   0.936   1.145   1.620   1.659   1.764   1.817   1.986   2.424   2.577
   7.821   7.918   8.117  10.064  10.370  10.564
            0.141666 -0.245377  0.000000
 -44.709 -22.912 -22.892 -22.886 -16.637 -16.462 -14.689 -14.538 -14.522 -14.362
  -5.250  -5.059  -2.802  -2.459  -2.248  -1.850  -1.638  -1.497  -0.115   0.032
   0.347   0.932   1.196   1.601   1.666   1.768   1.835   1.996   2.433   2.597
   7.815   7.897   8.097  10.072  10.357  10.543
            0.133332 -0.230943  0.000000
 -44.709 -22.913 -22.891 -22.886 -16.649 -16.453 -14.688 -14.549 -14.509 -14.360
  -5.277  -5.029  -2.807  -2.476  -2.294  -1.829  -1.623  -1.498  -0.127   0.014
   0.364   0.928   1.245   1.579   1.676   1.771   1.855   2.005   2.442   2.615
   7.809   7.876   8.076  10.082  10.344  10.523
            0.124999 -0.216509  0.000000
 -44.709 -22.913 -22.891 -22.886 -16.660 -16.443 -14.688 -14.562 -14.493 -14.359
  -5.303  -4.997  -2.812  -2.493  -2.342  -1.806  -1.610  -1.498  -0.139  -0.006
   0.385   0.925   1.290   1.558   1.687   1.774   1.875   2.013   2.451   2.633
   7.801   7.856   8.054  10.093  10.332  10.502
            0.116666 -0.202075  0.000000
 -44.709 -22.913 -22.890 -22.886 -16.672 -16.434 -14.688 -14.575 -14.478 -14.358
  -5.329  -4.965  -2.817  -2.511  -2.391  -1.782  -1.597  -1.498  -0.150  -0.027
   0.410   0.923   1.327   1.540   1.697   1.776   1.895   2.020   2.459   2.650
   7.790   7.840   8.030  10.105  10.321  10.482
            0.108333 -0.187641  0.000000
 -44.709 -22.914 -22.890 -22.886 -16.683 -16.424 -14.689 -14.589 -14.463 -14.357
  -5.355  -4.931  -2.821  -2.528  -2.439  -1.757  -1.587  -1.497  -0.160  -0.049
   0.438   0.921   1.352   1.533   1.708   1.778   1.914   2.026   2.467   2.666
   7.774   7.828   8.006  10.118  10.310  10.462
            0.099999 -0.173207  0.000000
 -44.709 -22.914 -22.889 -22.886 -16.693 -16.415 -14.690 -14.602 -14.448 -14.355
  -5.379  -4.898  -2.826  -2.545  -2.488  -1.733  -1.578  -1.494  -0.170  -0.070
   0.468   0.920   1.356   1.542   1.719   1.781   1.932   2.030   2.476   2.680
   7.756   7.820   7.982  10.132  10.301  10.444
            0.091666 -0.158773  0.000000
 -44.709 -22.914 -22.889 -22.886 -16.703 -16.405 -14.690 -14.615 -14.433 -14.354
  -5.402  -4.864  -2.830  -2.562  -2.535  -1.708  -1.570  -1.491  -0.179  -0.092
   0.501   0.920   1.343   1.566   1.729   1.783   1.949   2.033   2.484   2.694
   7.735   7.816   7.958  10.146  10.292  10.428
            0.083333 -0.144339  0.000000
 -44.709 -22.915 -22.888 -22.886 -16.712 -16.397 -14.691 -14.627 -14.419 -14.353
  -5.424  -4.830  -2.835  -2.587  -2.572  -1.685  -1.565  -1.486  -0.187  -0.112
   0.535   0.920   1.319   1.596   1.739   1.786   1.964   2.036   2.492   2.706
   7.714   7.812   7.934  10.160  10.285  10.413
            0.074999 -0.129905  0.000000
 -44.709 -22.915 -22.887 -22.885 -16.721 -16.388 -14.691 -14.639 -14.407 -14.352
  -5.445  -4.798  -2.839  -2.630  -2.588  -1.662  -1.561  -1.481  -0.194  -0.131
   0.571   0.920   1.289   1.629   1.749   1.789   1.977   2.037   2.499   2.717
   7.694   7.810   7.912  10.174  10.278  10.399
            0.066666 -0.115471  0.000000
 -44.709 -22.915 -22.887 -22.885 -16.729 -16.380 -14.692 -14.650 -14.395 -14.351
  -5.463  -4.767  -2.842  -2.672  -2.601  -1.641  -1.558  -1.476  -0.201  -0.150
   0.609   0.920   1.255   1.661   1.759   1.791   1.989   2.037   2.507   2.727
   7.674   7.808   7.891  10.188  10.273  10.388
            0.058333 -0.101038  0.000000
 -44.709 -22.916 -22.887 -22.885 -16.736 -16.373 -14.693 -14.660 -14.384 -14.351
  -5.480  -4.737  -2.846  -2.712  -2.612  -1.622  -1.557  -1.470  -0.206  -0.166
   0.647   0.921   1.218   1.692   1.768   1.794   1.999   2.037   2.514   2.736
   7.656   7.807   7.871  10.202  10.268  10.377
            0.050000 -0.086604  0.000000
 -44.709 -22.916 -22.886 -22.885 -16.742 -16.366 -14.693 -14.668 -14.375 -14.350
  -5.495  -4.710  -2.849  -2.748  -2.622  -1.605  -1.555  -1.466  -0.211  -0.181
   0.687   0.921   1.180   1.719   1.776   1.796   2.007   2.035   2.521   2.743
   7.639   7.806   7.854  10.214  10.264  10.369
            0.041666 -0.072170  0.000000
 -44.709 -22.916 -22.886 -22.885 -16.748 -16.361 -14.694 -14.676 -14.367 -14.349
  -5.508  -4.686  -2.852  -2.780  -2.631  -1.590  -1.555  -1.461  -0.215  -0.194
   0.727   0.922   1.141   1.743   1.784   1.799   2.014   2.034   2.527   2.750
   7.624   7.805   7.839  10.226  10.261  10.362
            0.033333 -0.057736  0.000000
 -44.709 -22.916 -22.886 -22.885 -16.752 -16.356 -14.694 -14.683 -14.360 -14.349
  -5.519  -4.665  -2.854  -2.807  -2.638  -1.577  -1.554  -1.457  -0.219  -0.205
   0.768   0.923   1.101   1.763   1.790   1.802   2.019   2.032   2.532   2.755
   7.612   7.805   7.827  10.235  10.258  10.356
            0.025000 -0.043302  0.000000
 -44.709 -22.916 -22.885 -22.885 -16.756 -16.352 -14.694 -14.688 -14.355 -14.349
  -5.527  -4.648  -2.856  -2.829  -2.643  -1.567  -1.554  -1.454  -0.221  -0.213
   0.809   0.923   1.061   1.779   1.794   1.804   2.023   2.030   2.537   2.759
   7.602   7.804   7.817  10.243  10.256  10.352
            0.016667 -0.028868  0.000000
 -44.709 -22.916 -22.885 -22.885 -16.758 -16.349 -14.694 -14.692 -14.351 -14.348
  -5.533  -4.636  -2.857  -2.845  -2.647  -1.560  -1.554  -1.452  -0.223  -0.219
   0.851   0.924   1.020   1.790   1.797   1.807   2.026   2.029   2.540   2.762
   7.594   7.804   7.809  10.249  10.255  10.350
            0.008333 -0.014434  0.000000
 -44.709 -22.916 -22.885 -22.885 -16.760 -16.348 -14.695 -14.694 -14.349 -14.348
  -5.537  -4.628  -2.858  -2.855  -2.649  -1.555  -1.554  -1.451  -0.224  -0.223
   0.892   0.924   0.979   1.797   1.799   1.809   2.027   2.028   2.542   2.764
   7.590   7.804   7.805  10.253  10.254  10.348
            0.000000  0.000000  0.000000
 -44.709 -22.916 -22.885 -22.885 -16.760 -16.347 -14.695 -14.695 -14.348 -14.348
  -5.538  -4.626  -2.858  -2.858  -2.650  -1.554  -1.554  -1.450  -0.224  -0.224
   0.924   0.924   0.947   1.799   1.799   1.809   2.028   2.028   2.542   2.764
   7.588   7.804   7.804  10.254  10.254  10.347
            0.000000  0.000000  0.016750
 -44.709 -22.916 -22.885 -22.885 -16.760 -16.347 -14.695 -14.695 -14.348 -14.348
  -5.538  -4.626  -2.858  -2.858  -2.649  -1.554  -1.554  -1.451  -0.225  -0.225
   0.924   0.924   0.947   1.799   1.799   1.811   2.028   2.028   2.542   2.764
   7.588   7.804   7.804  10.254  10.255  10.343
            0.000000  0.000000  0.033501
 -44.709 -22.916 -22.885 -22.885 -16.759 -16.348 -14.695 -14.695 -14.348 -14.348
  -5.537  -4.627  -2.857  -2.857  -2.648  -1.555  -1.555  -1.454  -0.226  -0.226
   0.925   0.925   0.946   1.799   1.799   1.815   2.029   2.030   2.541   2.765
   7.589   7.804   7.805  10.256  10.256  10.330
            0.000000  0.000000  0.050251
 -44.709 -22.916 -22.885 -22.885 -16.759 -16.349 -14.695 -14.695 -14.348 -14.348
  -5.536  -4.628  -2.856  -2.856  -2.645  -1.557  -1.557  -1.459  -0.227  -0.227
   0.927   0.927   0.946   1.798   1.798   1.821   2.032   2.032   2.540   2.765
   7.590   7.805   7.805  10.258  10.258  10.309
            0.000000  0.000000  0.067001
 -44.709 -22.916 -22.885 -22.885 -16.757 -16.350 -14.695 -14.695 -14.348 -14.348
  -5.535  -4.630  -2.855  -2.855  -2.642  -1.560  -1.560  -1.465  -0.230  -0.229
   0.930   0.930   0.946   1.797   1.797   1.830   2.035   2.035   2.538   2.766
   7.592   7.806   7.806  10.261  10.261  10.282
            0.000000  0.000000  0.083752
 -44.709 -22.916 -22.885 -22.885 -16.756 -16.352 -14.695 -14.695 -14.347 -14.347
  -5.533  -4.632  -2.853  -2.853  -2.637  -1.563  -1.563  -1.474  -0.232  -0.232
   0.933   0.933   0.945   1.796   1.796   1.841   2.039   2.039   2.536   2.768
   7.594   7.807   7.808  10.249  10.265  10.265
            0.000000  0.000000  0.100502
 -44.709 -22.917 -22.885 -22.885 -16.754 -16.354 -14.696 -14.696 -14.347 -14.347
  -5.531  -4.635  -2.851  -2.851  -2.632  -1.567  -1.567  -1.484  -0.236  -0.236
   0.936   0.936   0.944   1.795   1.795   1.855   2.044   2.044   2.533   2.769
   7.596   7.809   7.809  10.213  10.270  10.271
            0.000000  0.000000  0.117253
 -44.709 -22.917 -22.885 -22.885 -16.751 -16.356 -14.696 -14.696 -14.347 -14.347
  -5.529  -4.639  -2.848  -2.848  -2.625  -1.571  -1.571  -1.495  -0.240  -0.240
   0.941   0.941   0.944   1.793   1.794   1.870   2.049   2.049   2.530   2.770
   7.598   7.811   7.811  10.174  10.276  10.277
            0.000000  0.000000  0.134003
 -44.709 -22.917 -22.885 -22.885 -16.749 -16.359 -14.696 -14.696 -14.346 -14.346
  -5.526  -4.643  -2.845  -2.845  -2.618  -1.576  -1.576  -1.508  -0.244  -0.244
   0.943   0.945   0.945   1.792   1.792   1.887   2.054   2.054   2.527   2.771
   7.601   7.813   7.813  10.133  10.283  10.284
            0.000000  0.000000  0.150753
 -44.709 -22.917 -22.885 -22.885 -16.746 -16.362 -14.697 -14.697 -14.346 -14.346
  -5.523  -4.647  -2.842  -2.842  -2.610  -1.582  -1.582  -1.523  -0.249  -0.249
   0.942   0.950   0.950   1.791   1.791   1.906   2.060   2.060   2.524   2.773
   7.604   7.815   7.815  10.092  10.291  10.291
            0.000000  0.000000  0.167504
 -44.709 -22.917 -22.885 -22.885 -16.743 -16.365 -14.697 -14.697 -14.346 -14.346
  -5.520  -4.651  -2.838  -2.838  -2.601  -1.588  -1.588  -1.539  -0.254  -0.254
   0.942   0.955   0.955   1.790   1.791   1.927   2.066   2.066   2.521   2.774
   7.608   7.817   7.818  10.049  10.300  10.300
            0.000001  0.000000  0.184254
 -44.709 -22.917 -22.885 -22.885 -16.739 -16.369 -14.698 -14.698 -14.345 -14.345
  -5.516  -4.656  -2.835  -2.835  -2.591  -1.594  -1.594  -1.555  -0.259  -0.259
   0.941   0.961   0.961   1.790   1.790   1.948   2.072   2.072   2.518   2.775
   7.611   7.820   7.820  10.008  10.310  10.310
            0.000001  0.000000  0.201004
 -44.709 -22.917 -22.885 -22.885 -16.736 -16.373 -14.698 -14.698 -14.345 -14.345
  -5.512  -4.661  -2.831  -2.831  -2.580  -1.601  -1.601  -1.573  -0.265  -0.265
   0.940   0.966   0.967   1.790   1.790   1.970   2.078   2.079   2.515   2.775
   7.615   7.823   7.823   9.966  10.321  10.321
            0.000001  0.000000  0.217755
 -44.709 -22.917 -22.885 -22.885 -16.732 -16.376 -14.699 -14.699 -14.344 -14.344
  -5.509  -4.667  -2.827  -2.827  -2.569  -1.608  -1.608  -1.592  -0.270  -0.270
   0.940   0.972   0.972   1.790   1.790   1.993   2.084   2.085   2.512   2.775
   7.618   7.826   7.826   9.926  10.333  10.333
            0.000001  0.000000  0.234505
 -44.709 -22.917 -22.885 -22.885 -16.728 -16.381 -14.699 -14.699 -14.344 -14.344
  -5.505  -4.672  -2.822  -2.822  -2.557  -1.615  -1.615  -1.611  -0.276  -0.276
   0.939   0.978   0.978   1.790   1.790   2.016   2.090   2.090   2.510   2.775
   7.622   7.828   7.829   9.887  10.345  10.346
            0.000001  0.000000  0.251256
 -44.709 -22.917 -22.885 -22.885 -16.724 -16.385 -14.700 -14.700 -14.343 -14.343
  -5.500  -4.678  -2.818  -2.818  -2.545  -1.630  -1.622  -1.622  -0.282  -0.282
   0.938   0.983   0.983   1.791   1.791   2.039   2.096   2.096   2.508   2.774
   7.625   7.831   7.832   9.850  10.359  10.359
            0.000001  0.000000  0.268006
 -44.709 -22.917 -22.885 -22.885 -16.720 -16.389 -14.700 -14.700 -14.343 -14.343
  -5.496  -4.684  -2.814  -2.814  -2.532  -1.650  -1.629  -1.629  -0.287  -0.287
   0.938   0.989   0.989   1.792   1.792   2.062   2.102   2.102   2.507   2.773
   7.629   7.834   7.835   9.815  10.374  10.374
            0.000001  0.000000  0.284756
 -44.709 -22.917 -22.885 -22.885 -16.715 -16.393 -14.701 -14.701 -14.342 -14.342
  -5.492  -4.689  -2.810  -2.809  -2.519  -1.670  -1.636  -1.636  -0.293  -0.293
   0.937   0.994   0.994   1.793   1.793   2.084   2.107   2.107   2.507   2.771
   7.632   7.837   7.838   9.781  10.389  10.389
            0.000001  0.000000  0.301507
 -44.709 -22.917 -22.885 -22.885 -16.711 -16.398 -14.701 -14.701 -14.342 -14.342
  -5.488  -4.695  -2.805  -2.805  -2.506  -1.690  -1.643  -1.643  -0.298  -0.298
   0.937   0.999   0.999   1.795   1.795   2.105   2.111   2.112   2.507   2.769
   7.635   7.840   7.840   9.751  10.405  10.406
            0.000001  0.000000  0.318257
 -44.709 -22.917 -22.885 -22.885 -16.707 -16.402 -14.702 -14.701 -14.341 -14.341
  -5.484  -4.700  -2.801  -2.801  -2.493  -1.709  -1.649  -1.649  -0.303  -0.303
   0.937   1.003   1.003   1.796   1.796   2.116   2.116   2.125   2.508   2.767
   7.638   7.843   7.843   9.722  10.422  10.423
            0.000001  0.000000  0.335007
 -44.709 -22.918 -22.885 -22.885 -16.703 -16.406 -14.702 -14.702 -14.341 -14.341
  -5.480  -4.706  -2.798  -2.797  -2.480  -1.728  -1.656  -1.656  -0.308  -0.307
   0.937   1.007   1.007   1.798   1.798   2.120   2.120   2.144   2.510   2.763
   7.640   7.845   7.846   9.696  10.440  10.440
            0.000001  0.000000  0.351758
 -44.709 -22.918 -22.885 -22.885 -16.699 -16.410 -14.702 -14.702 -14.341 -14.341
  -5.477  -4.711  -2.794  -2.794  -2.468  -1.746  -1.661  -1.661  -0.312  -0.312
   0.936   1.011   1.011   1.800   1.800   2.124   2.124   2.161   2.513   2.760
   7.643   7.848   7.848   9.673  10.457  10.458
            0.000001  0.000000  0.368508
 -44.709 -22.918 -22.885 -22.885 -16.696 -16.414 -14.703 -14.703 -14.340 -14.340
  -5.473  -4.715  -2.791  -2.790  -2.455  -1.763  -1.667  -1.667  -0.316  -0.316
   0.936   1.015   1.015   1.801   1.802   2.127   2.127   2.176   2.516   2.756
   7.645   7.850   7.850   9.652  10.475  10.475
            0.000001  0.000000  0.385259
 -44.709 -22.918 -22.885 -22.885 -16.692 -16.417 -14.703 -14.703 -14.340 -14.340
  -5.470  -4.719  -2.788  -2.787  -2.444  -1.778  -1.672  -1.671  -0.319  -0.319
   0.936   1.018   1.018   1.803   1.803   2.130   2.130   2.189   2.520   2.752
   7.647   7.852   7.852   9.635  10.493  10.493
            0.000001  0.000000  0.402009
 -44.709 -22.918 -22.885 -22.885 -16.690 -16.420 -14.703 -14.703 -14.340 -14.340
  -5.468  -4.723  -2.785  -2.785  -2.434  -1.792  -1.676  -1.676  -0.322  -0.322
   0.936   1.020   1.020   1.805   1.805   2.132   2.132   2.200   2.524   2.748
   7.648   7.854   7.854   9.619  10.509  10.509
            0.000001  0.000000  0.418759
 -44.709 -22.918 -22.885 -22.885 -16.687 -16.422 -14.704 -14.704 -14.339 -14.339
  -5.466  -4.726  -2.783  -2.783  -2.425  -1.804  -1.679  -1.679  -0.325  -0.324
   0.936   1.022   1.022   1.806   1.806   2.134   2.134   2.209   2.529   2.744
   7.649   7.855   7.856   9.607  10.524  10.524
            0.000001  0.000000  0.435510
 -44.709 -22.918 -22.885 -22.885 -16.685 -16.424 -14.704 -14.704 -14.339 -14.339
  -5.464  -4.728  -2.781  -2.781  -2.418  -1.813  -1.682  -1.682  -0.327  -0.326
   0.936   1.024   1.024   1.807   1.807   2.135   2.135   2.215   2.532   2.741
   7.650   7.856   7.857   9.598  10.537  10.537
            0.000001  0.000000  0.452260
 -44.709 -22.918 -22.885 -22.885 -16.684 -16.426 -14.704 -14.704 -14.339 -14.339
  -5.463  -4.730  -2.780  -2.780  -2.413  -1.820  -1.684  -1.684  -0.328  -0.328
   0.936   1.025   1.025   1.808   1.808   2.136   2.136   2.220   2.535   2.739
   7.651   7.857   7.857   9.591  10.547  10.547
            0.000001  0.000000  0.469010
 -44.709 -22.918 -22.885 -22.885 -16.683 -16.427 -14.704 -14.704 -14.339 -14.339
  -5.462  -4.731  -2.779  -2.779  -2.410  -1.824  -1.685  -1.685  -0.329  -0.329
   0.936   1.026   1.026   1.808   1.808   2.137   2.137   2.223   2.537   2.737
   7.651   7.858   7.858   9.587  10.553  10.554
            0.000001  0.000000  0.485761
 -44.709 -22.918 -22.885 -22.885 -16.682 -16.427 -14.704 -14.704 -14.339 -14.339
  -5.462  -4.731  -2.779  -2.779  -2.409  -1.826  -1.685  -1.685  -0.329  -0.329
   0.936   1.026   1.026   1.809   1.809   2.137   2.137   2.224   2.538   2.736
   7.652   7.858   7.858   9.585  10.556  10.556
            0.014287  0.008248  0.485761
 -44.709 -22.918 -22.885 -22.885 -16.682 -16.428 -14.704 -14.703 -14.340 -14.339
  -5.460  -4.733  -2.779  -2.778  -2.407  -1.830  -1.685  -1.682  -0.328  -0.328
   0.934   1.026   1.027   1.807   1.808   2.135   2.137   2.224   2.537   2.736
   7.653   7.858   7.859   9.587  10.551  10.552
            0.028573  0.016496  0.485761
 -44.709 -22.918 -22.885 -22.885 -16.681 -16.429 -14.704 -14.701 -14.342 -14.339
  -5.457  -4.739  -2.779  -2.775  -2.402  -1.842  -1.684  -1.673  -0.325  -0.324
   0.930   1.024   1.029   1.804   1.808   2.130   2.135   2.223   2.535   2.735
   7.656   7.857   7.862   9.593  10.539  10.541
            0.042858  0.024744  0.485761
 -44.709 -22.918 -22.885 -22.885 -16.678 -16.431 -14.704 -14.698 -14.345 -14.339
  -5.451  -4.749  -2.779  -2.770  -2.394  -1.858  -1.682  -1.661  -0.319  -0.318
   0.923   1.022   1.032   1.798   1.806   2.122   2.132   2.222   2.530   2.732
   7.662   7.857   7.868   9.604  10.519  10.525
            0.057144  0.032992  0.485761
 -44.709 -22.918 -22.885 -22.885 -16.675 -16.434 -14.704 -14.694 -14.350 -14.339
  -5.442  -4.762  -2.779  -2.763  -2.383  -1.879  -1.680  -1.647  -0.311  -0.309
   0.914   1.019   1.035   1.790   1.804   2.110   2.127   2.220   2.524   2.729
   7.669   7.856   7.875   9.618  10.494  10.505
            0.071430  0.041240  0.485761
 -44.709 -22.917 -22.886 -22.885 -16.671 -16.438 -14.704 -14.689 -14.356 -14.339
  -5.432  -4.778  -2.779  -2.754  -2.369  -1.901  -1.677  -1.632  -0.301  -0.298
   0.904   1.015   1.038   1.781   1.801   2.097   2.122   2.217   2.517   2.725
   7.679   7.855   7.884   9.636  10.466  10.482
            0.085716  0.049487  0.485761
 -44.709 -22.917 -22.886 -22.885 -16.667 -16.442 -14.704 -14.682 -14.363 -14.340
  -5.419  -4.798  -2.779  -2.745  -2.352  -1.925  -1.673  -1.617  -0.289  -0.285
   0.892   1.011   1.040   1.769   1.798   2.081   2.115   2.213   2.509   2.720
   7.690   7.853   7.895   9.657  10.435  10.459
            0.100001  0.057735  0.485761
 -44.709 -22.917 -22.886 -22.885 -16.661 -16.448 -14.704 -14.675 -14.372 -14.340
  -5.404  -4.820  -2.779  -2.734  -2.334  -1.950  -1.669  -1.603  -0.275  -0.270
   0.879   1.006   1.042   1.757   1.793   2.063   2.107   2.206   2.499   2.713
   7.703   7.852   7.908   9.682  10.404  10.435
            0.114287  0.065983  0.485761
 -44.709 -22.917 -22.887 -22.885 -16.655 -16.453 -14.703 -14.667 -14.381 -14.340
  -5.388  -4.844  -2.779  -2.722  -2.313  -1.974  -1.664  -1.589  -0.260  -0.253
   0.865   1.000   1.042   1.744   1.788   2.043   2.098   2.199   2.489   2.706
   7.717   7.851   7.922   9.710  10.372  10.413
            0.128573  0.074231  0.485761
 -44.709 -22.916 -22.887 -22.885 -16.648 -16.459 -14.703 -14.658 -14.392 -14.340
  -5.370  -4.870  -2.779  -2.709  -2.293  -1.997  -1.658  -1.575  -0.242  -0.233
   0.850   0.993   1.041   1.731   1.781   2.022   2.088   2.189   2.478   2.698
   7.732   7.851   7.937   9.740  10.341  10.393
            0.142858  0.082479  0.485761
 -44.709 -22.916 -22.888 -22.885 -16.641 -16.466 -14.703 -14.648 -14.403 -14.340
  -5.350  -4.897  -2.779  -2.695  -2.274  -2.017  -1.651  -1.563  -0.224  -0.212
   0.835   0.986   1.038   1.717   1.773   1.999   2.077   2.178   2.467   2.688
   7.748   7.851   7.954   9.772  10.311  10.376
            0.157144  0.090727  0.485761
 -44.709 -22.916 -22.888 -22.885 -16.633 -16.473 -14.703 -14.638 -14.415 -14.341
  -5.330  -4.924  -2.780  -2.681  -2.258  -2.032  -1.644  -1.551  -0.203  -0.188
   0.819   0.978   1.033   1.703   1.765   1.975   2.066   2.165   2.456   2.678
   7.762   7.854   7.971   9.806  10.284  10.363
            0.171430  0.098974  0.485761
 -44.709 -22.916 -22.889 -22.885 -16.625 -16.479 -14.703 -14.628 -14.427 -14.341
  -5.310  -4.951  -2.780  -2.666  -2.250  -2.038  -1.636  -1.541  -0.182  -0.163
   0.802   0.970   1.026   1.688   1.755   1.951   2.054   2.150   2.445   2.667
   7.775   7.859   7.989   9.839  10.259  10.355
            0.185716  0.107222  0.485761
 -44.709 -22.915 -22.889 -22.885 -16.617 -16.486 -14.703 -14.619 -14.439 -14.341
  -5.291  -4.976  -2.780  -2.650  -2.252  -2.033  -1.627  -1.531  -0.160  -0.137
   0.785   0.962   1.018   1.672   1.746   1.925   2.043   2.134   2.434   2.655
   7.784   7.869   8.007   9.871  10.238  10.353
            0.200001  0.115470  0.485761
 -44.709 -22.915 -22.890 -22.885 -16.609 -16.492 -14.703 -14.610 -14.451 -14.342
  -5.274  -4.998  -2.781  -2.633  -2.264  -2.017  -1.619  -1.523  -0.136  -0.108
   0.768   0.953   1.008   1.654   1.736   1.899   2.033   2.116   2.424   2.641
   7.789   7.883   8.026   9.900  10.221  10.357
            0.214287  0.123718  0.485761
 -44.709 -22.914 -22.891 -22.886 -16.601 -16.497 -14.702 -14.602 -14.462 -14.342
  -5.261  -5.014  -2.782  -2.616  -2.283  -1.994  -1.609  -1.516  -0.113  -0.078
   0.751   0.943   0.996   1.633   1.727   1.873   2.023   2.096   2.414   2.628
   7.791   7.901   8.045   9.924  10.208  10.370
            0.228573  0.131966  0.485762
 -44.709 -22.914 -22.891 -22.886 -16.595 -16.501 -14.702 -14.597 -14.471 -14.342
  -5.256  -5.022  -2.782  -2.598  -2.307  -1.965  -1.600  -1.510  -0.088  -0.047
   0.735   0.934   0.983   1.610   1.719   1.846   2.014   2.075   2.405   2.613
   7.790   7.922   8.063   9.943  10.199  10.391
            0.242858  0.140214  0.485762
 -44.709 -22.914 -22.892 -22.886 -16.590 -16.503 -14.702 -14.595 -14.477 -14.343
  -5.259  -5.020  -2.783  -2.580  -2.334  -1.933  -1.591  -1.504  -0.063  -0.015
   0.719   0.924   0.969   1.583   1.711   1.820   2.006   2.053   2.397   2.598
   7.789   7.944   8.082   9.957  10.196  10.421
            0.257144  0.148462  0.485762
 -44.709 -22.913 -22.893 -22.886 -16.588 -16.502 -14.702 -14.597 -14.479 -14.343
  -5.270  -5.009  -2.784  -2.560  -2.362  -1.900  -1.583  -1.500  -0.039   0.019
   0.704   0.914   0.954   1.554   1.701   1.796   1.999   2.031   2.389   2.582
   7.786   7.968   8.100   9.964  10.196  10.459
            0.271430  0.156709  0.485762
 -44.709 -22.913 -22.893 -22.886 -16.588 -16.498 -14.702 -14.603 -14.477 -14.343
  -5.287  -4.990  -2.785  -2.541  -2.390  -1.866  -1.575  -1.495  -0.014   0.054
   0.690   0.905   0.939   1.523   1.688   1.777   1.993   2.008   2.382   2.566
   7.783   7.991   8.117   9.968  10.201  10.504
            0.285715  0.164957  0.485762
 -44.709 -22.913 -22.894 -22.886 -16.590 -16.492 -14.702 -14.612 -14.472 -14.344
  -5.308  -4.967  -2.787  -2.521  -2.418  -1.833  -1.570  -1.490   0.011   0.089
   0.678   0.895   0.923   1.489   1.668   1.763   1.982   1.991   2.375   2.550
   7.780   8.015   8.134   9.970  10.210  10.554
            0.300001  0.173205  0.485762
 -44.709 -22.912 -22.894 -22.886 -16.594 -16.485 -14.701 -14.624 -14.465 -14.344
  -5.331  -4.940  -2.788  -2.503  -2.444  -1.800  -1.568  -1.484   0.034   0.126
   0.668   0.885   0.907   1.455   1.643   1.755   1.960   1.986   2.369   2.534
   7.777   8.039   8.150   9.970  10.221  10.608
            0.314287  0.181453  0.485762
 -44.709 -22.912 -22.895 -22.886 -16.599 -16.476 -14.701 -14.637 -14.457 -14.344
  -5.355  -4.912  -2.790  -2.495  -2.457  -1.769  -1.568  -1.477   0.058   0.163
   0.659   0.875   0.891   1.419   1.614   1.750   1.937   1.983   2.364   2.518
   7.773   8.062   8.165   9.969  10.235  10.664
            0.328573  0.189701  0.485762
 -44.709 -22.912 -22.895 -22.886 -16.604 -16.466 -14.701 -14.651 -14.448 -14.345
  -5.378  -4.884  -2.791  -2.511  -2.445  -1.740  -1.571  -1.468   0.080   0.201
   0.653   0.866   0.875   1.383   1.583   1.748   1.914   1.981   2.359   2.502
   7.770   8.084   8.179   9.969  10.252  10.722
            0.342858  0.197949  0.485762
 -44.709 -22.911 -22.896 -22.886 -16.609 -16.457 -14.701 -14.665 -14.439 -14.345
  -5.401  -4.855  -2.793  -2.535  -2.425  -1.715  -1.575  -1.458   0.101   0.239
   0.648   0.854   0.862   1.347   1.550   1.745   1.893   1.979   2.355   2.487
   7.767   8.105   8.192   9.969  10.271  10.780
            0.357144  0.206197  0.485762
 -44.709 -22.911 -22.896 -22.886 -16.615 -16.447 -14.701 -14.678 -14.430 -14.345
  -5.423  -4.827  -2.795  -2.558  -2.402  -1.694  -1.578  -1.448   0.121   0.277
   0.646   0.840   0.853   1.311   1.518   1.741   1.875   1.978   2.352   2.472
   7.764   8.125   8.205   9.970  10.292  10.837
            0.371430  0.214444  0.485762
 -44.709 -22.911 -22.897 -22.886 -16.620 -16.437 -14.702 -14.691 -14.422 -14.345
  -5.443  -4.800  -2.798  -2.581  -2.380  -1.681  -1.578  -1.438   0.139   0.316
   0.646   0.825   0.846   1.276   1.486   1.736   1.859   1.978   2.349   2.458
   7.761   8.144   8.216   9.971  10.315  10.891
            0.385715  0.222692  0.485762
 -44.709 -22.911 -22.897 -22.886 -16.625 -16.429 -14.707 -14.698 -14.414 -14.346
  -5.461  -4.774  -2.800  -2.601  -2.357  -1.678  -1.572  -1.428   0.156   0.354
   0.647   0.810   0.839   1.241   1.455   1.728   1.846   1.977   2.346   2.445
   7.758   8.161   8.227   9.973  10.339  10.937
            0.400001  0.230940  0.485762
 -44.709 -22.911 -22.898 -22.886 -16.629 -16.420 -14.717 -14.699 -14.407 -14.346
  -5.478  -4.751  -2.803  -2.620  -2.334  -1.682  -1.562  -1.418   0.171   0.392
   0.650   0.795   0.834   1.209   1.426   1.718   1.837   1.977   2.345   2.432
   7.756   8.175   8.237   9.975  10.365  10.962
            0.414287  0.239188  0.485762
 -44.709 -22.910 -22.898 -22.886 -16.633 -16.413 -14.727 -14.700 -14.400 -14.346
  -5.493  -4.730  -2.805  -2.636  -2.313  -1.692  -1.549  -1.409   0.184   0.430
   0.653   0.779   0.830   1.179   1.399   1.708   1.831   1.977   2.344   2.421
   7.753   8.188   8.246   9.978  10.392  10.951
            0.428572  0.247436  0.485762
 -44.709 -22.910 -22.898 -22.886 -16.636 -16.406 -14.735 -14.700 -14.395 -14.346
  -5.505  -4.711  -2.808  -2.650  -2.293  -1.704  -1.537  -1.402   0.195   0.466
   0.657   0.763   0.827   1.151   1.375   1.696   1.827   1.978   2.343   2.411
   7.752   8.199   8.254   9.980  10.418  10.925
            0.442858  0.255684  0.485762
 -44.709 -22.910 -22.898 -22.886 -16.639 -16.401 -14.743 -14.700 -14.390 -14.346
  -5.516  -4.696  -2.811  -2.661  -2.275  -1.716  -1.525  -1.395   0.204   0.500
   0.661   0.747   0.825   1.127   1.354   1.686   1.824   1.978   2.343   2.402
   7.750   8.207   8.260   9.983  10.444  10.896
            0.457144  0.263932  0.485762
 -44.709 -22.910 -22.899 -22.887 -16.642 -16.397 -14.749 -14.700 -14.386 -14.347
  -5.524  -4.683  -2.813  -2.669  -2.260  -1.727  -1.516  -1.390   0.211   0.533
   0.665   0.730   0.823   1.108   1.337   1.677   1.823   1.978   2.344   2.394
   7.749   8.214   8.266   9.985  10.468  10.868
            0.471430  0.272179  0.485762
 -44.709 -22.910 -22.899 -22.887 -16.643 -16.393 -14.753 -14.700 -14.384 -14.347
  -5.530  -4.674  -2.815  -2.676  -2.249  -1.736  -1.509  -1.386   0.216   0.561
   0.668   0.713   0.822   1.093   1.324   1.670   1.822   1.978   2.345   2.389
   7.748   8.218   8.270   9.987  10.489  10.845
            0.485715  0.280427  0.485762
 -44.709 -22.910 -22.899 -22.887 -16.644 -16.391 -14.755 -14.700 -14.382 -14.347
  -5.533  -4.669  -2.816  -2.679  -2.241  -1.742  -1.505  -1.383   0.219   0.582
   0.670   0.700   0.822   1.084   1.317   1.666   1.821   1.979   2.345   2.385
   7.748   8.221   8.273   9.988  10.502  10.829
            0.500001  0.288675  0.485762
 -44.709 -22.910 -22.899 -22.887 -16.645 -16.391 -14.756 -14.700 -14.382 -14.347
  -5.535  -4.667  -2.816  -2.680  -2.239  -1.744  -1.504  -1.383   0.220   0.591
   0.670   0.694   0.821   1.081   1.314   1.664   1.821   1.979   2.346   2.384
   7.747   8.222   8.274   9.988  10.507  10.824
            0.508334  0.274242  0.485762
 -44.709 -22.910 -22.899 -22.887 -16.644 -16.391 -14.756 -14.699 -14.382 -14.347
  -5.534  -4.669  -2.813  -2.679  -2.239  -1.745  -1.504  -1.385   0.221   0.588
   0.660   0.706   0.824   1.082   1.314   1.664   1.820   1.977   2.345   2.384
   7.749   8.222   8.274   9.989  10.506  10.823
            0.516668  0.259808  0.485762
 -44.709 -22.910 -22.899 -22.887 -16.643 -16.393 -14.756 -14.697 -14.382 -14.349
  -5.530  -4.677  -2.805  -2.676  -2.238  -1.748  -1.505  -1.391   0.224   0.580
   0.643   0.726   0.832   1.083   1.313   1.663   1.816   1.973   2.343   2.384
   7.754   8.222   8.274   9.991  10.503  10.820
            0.525002  0.245375  0.485762
 -44.709 -22.910 -22.899 -22.887 -16.641 -16.395 -14.757 -14.693 -14.382 -14.352
  -5.525  -4.689  -2.791  -2.670  -2.237  -1.752  -1.506  -1.401   0.229   0.570
   0.627   0.748   0.844   1.086   1.312   1.662   1.809   1.965   2.340   2.384
   7.762   8.222   8.274   9.995  10.499  10.814
            0.533335  0.230941  0.485762
 -44.709 -22.910 -22.899 -22.887 -16.638 -16.399 -14.757 -14.689 -14.382 -14.356
  -5.517  -4.706  -2.772  -2.662  -2.235  -1.758  -1.507  -1.415   0.235   0.557
   0.611   0.772   0.860   1.090   1.311   1.660   1.799   1.955   2.336   2.384
   7.774   8.222   8.275  10.000  10.492  10.807
            0.541669  0.216508  0.485762
 -44.709 -22.910 -22.898 -22.887 -16.634 -16.403 -14.757 -14.683 -14.382 -14.361
  -5.507  -4.727  -2.751  -2.649  -2.233  -1.765  -1.509  -1.432   0.243   0.543
   0.595   0.796   0.879   1.095   1.309   1.657   1.787   1.941   2.332   2.384
   7.788   8.221   8.276  10.007  10.485  10.798
            0.550002  0.202074  0.485762
 -44.709 -22.910 -22.898 -22.888 -16.630 -16.409 -14.757 -14.675 -14.382 -14.368
  -5.495  -4.752  -2.728  -2.632  -2.229  -1.774  -1.511  -1.453   0.253   0.529
   0.580   0.820   0.899   1.101   1.306   1.655   1.773   1.924   2.328   2.384
   7.804   8.219   8.277  10.015  10.476  10.787
            0.558336  0.187641  0.485762
 -44.709 -22.909 -22.898 -22.888 -16.625 -16.415 -14.757 -14.667 -14.382 -14.375
  -5.481  -4.779  -2.707  -2.609  -2.226  -1.785  -1.513  -1.477   0.264   0.516
   0.565   0.844   0.922   1.108   1.303   1.652   1.757   1.903   2.324   2.383
   7.823   8.217   8.280  10.025  10.466  10.774
            0.566669  0.173207  0.485763
 -44.709 -22.909 -22.898 -22.888 -16.619 -16.422 -14.758 -14.658 -14.383 -14.382
  -5.466  -4.809  -2.688  -2.578  -2.221  -1.796  -1.517  -1.504   0.276   0.504
   0.550   0.867   0.946   1.117   1.300   1.648   1.739   1.879   2.320   2.382
   7.844   8.214   8.283  10.037  10.456  10.758
            0.575003  0.158774  0.485763
 -44.709 -22.909 -22.898 -22.889 -16.612 -16.429 -14.758 -14.648 -14.392 -14.382
  -5.448  -4.841  -2.672  -2.542  -2.215  -1.810  -1.535  -1.519   0.288   0.493
   0.536   0.890   0.972   1.126   1.296   1.645   1.718   1.853   2.318   2.380
   7.866   8.209   8.287  10.051  10.445  10.741
            0.583336  0.144340  0.485763
 -44.709 -22.909 -22.898 -22.889 -16.605 -16.437 -14.759 -14.637 -14.402 -14.382
  -5.429  -4.874  -2.657  -2.501  -2.209  -1.824  -1.566  -1.523   0.301   0.483
   0.523   0.912   0.999   1.136   1.292   1.642   1.696   1.824   2.316   2.377
   7.889   8.204   8.291  10.067  10.434  10.722
            0.591670  0.129907  0.485763
 -44.709 -22.909 -22.897 -22.890 -16.598 -16.445 -14.759 -14.625 -14.413 -14.382
  -5.409  -4.908  -2.644  -2.458  -2.201  -1.839  -1.600  -1.526   0.314   0.473
   0.511   0.933   1.027   1.147   1.287   1.639   1.671   1.795   2.316   2.374
   7.913   8.197   8.296  10.085  10.423  10.702
            0.600003  0.115473  0.485763
 -44.709 -22.909 -22.897 -22.890 -16.590 -16.454 -14.760 -14.613 -14.424 -14.382
  -5.387  -4.942  -2.631  -2.414  -2.192  -1.855  -1.635  -1.531   0.328   0.466
   0.499   0.954   1.056   1.158   1.282   1.636   1.643   1.766   2.316   2.370
   7.937   8.189   8.301  10.104  10.411  10.681
            0.608337  0.101040  0.485763
 -44.709 -22.908 -22.897 -22.891 -16.582 -16.463 -14.760 -14.601 -14.435 -14.382
  -5.364  -4.976  -2.620  -2.369  -2.181  -1.871  -1.671  -1.535   0.341   0.459
   0.488   0.972   1.085   1.171   1.277   1.610   1.634   1.739   2.317   2.366
   7.961   8.181   8.306  10.126  10.399  10.660
            0.616670  0.086606  0.485763
 -44.709 -22.908 -22.897 -22.891 -16.573 -16.472 -14.761 -14.588 -14.447 -14.382
  -5.340  -5.010  -2.609  -2.326  -2.169  -1.886  -1.707  -1.539   0.354   0.453
   0.479   0.990   1.114   1.184   1.272   1.573   1.632   1.715   2.319   2.361
   7.985   8.171   8.311  10.149  10.387  10.638
            0.625004  0.072173  0.485763
 -44.709 -22.908 -22.896 -22.892 -16.565 -16.481 -14.761 -14.576 -14.458 -14.383
  -5.315  -5.043  -2.600  -2.285  -2.157  -1.901  -1.743  -1.543   0.367   0.448
   0.470   1.006   1.142   1.198   1.267   1.532   1.631   1.694   2.321   2.356
   8.007   8.161   8.316  10.174  10.374  10.617
            0.633337  0.057739  0.485763
 -44.709 -22.908 -22.896 -22.892 -16.556 -16.490 -14.762 -14.563 -14.470 -14.383
  -5.290  -5.075  -2.592  -2.247  -2.144  -1.912  -1.778  -1.547   0.379   0.443
   0.462   1.020   1.169   1.214   1.264   1.488   1.630   1.677   2.323   2.351
   8.029   8.150   8.320  10.200  10.360  10.596
            0.641671  0.043306  0.485763
 -44.709 -22.908 -22.895 -22.893 -16.547 -16.498 -14.762 -14.551 -14.482 -14.383
  -5.265  -5.106  -2.585  -2.214  -2.135  -1.918  -1.812  -1.551   0.389   0.440
   0.456   1.031   1.193   1.230   1.264   1.443   1.631   1.663   2.326   2.346
   8.049   8.138   8.323  10.226  10.346  10.578
            0.650004  0.028872  0.485763
 -44.709 -22.908 -22.895 -22.893 -16.539 -16.507 -14.763 -14.539 -14.494 -14.383
  -5.239  -5.135  -2.580  -2.186  -2.131  -1.917  -1.843  -1.554   0.399   0.437
   0.450   1.040   1.210   1.246   1.272   1.396   1.632   1.652   2.329   2.342
   8.067   8.125   8.326  10.252  10.331  10.564
            0.658338  0.014439  0.485763
 -44.709 -22.908 -22.895 -22.894 -16.531 -16.515 -14.763 -14.527 -14.505 -14.383
  -5.213  -5.163  -2.577  -2.163  -2.135  -1.908  -1.870  -1.556   0.405   0.437
   0.445   1.045   1.218   1.261   1.290   1.351   1.634   1.644   2.332   2.338
   8.084   8.112   8.328  10.276  10.314  10.553
            0.666671  0.000005  0.485763
 -44.709 -22.908 -22.894 -22.894 -16.523 -16.523 -14.763 -14.516 -14.516 -14.383
  -5.189  -5.188  -2.576  -2.146  -2.145  -1.892  -1.892  -1.557   0.407   0.439
   0.440   1.047   1.220   1.272   1.313   1.314   1.638   1.638   2.334   2.335
   8.099   8.099   8.328  10.296  10.297  10.550
            0.658338 -0.014429  0.485763
 -44.709 -22.908 -22.895 -22.894 -16.531 -16.515 -14.763 -14.527 -14.505 -14.383
  -5.214  -5.163  -2.577  -2.163  -2.135  -1.908  -1.870  -1.556   0.405   0.437
   0.444   1.045   1.218   1.261   1.290   1.351   1.634   1.644   2.332   2.338
   8.084   8.112   8.328  10.276  10.314  10.553
            0.650004 -0.028863  0.485763
 -44.709 -22.908 -22.895 -22.893 -16.539 -16.507 -14.763 -14.539 -14.494 -14.383
  -5.239  -5.135  -2.580  -2.186  -2.131  -1.917  -1.843  -1.554   0.399   0.437
   0.450   1.040   1.210   1.246   1.272   1.396   1.632   1.652   2.329   2.342
   8.067   8.125   8.326  10.252  10.331  10.563
            0.641671 -0.043297  0.485763
 -44.709 -22.908 -22.895 -22.893 -16.547 -16.498 -14.762 -14.551 -14.482 -14.383
  -5.265  -5.106  -2.585  -2.214  -2.135  -1.918  -1.812  -1.551   0.390   0.440
   0.455   1.031   1.193   1.230   1.264   1.443   1.631   1.663   2.326   2.346
   8.049   8.138   8.323  10.226  10.346  10.578
            0.633337 -0.057731  0.485763
 -44.709 -22.908 -22.896 -22.892 -16.556 -16.490 -14.762 -14.563 -14.470 -14.383
  -5.290  -5.075  -2.592  -2.247  -2.144  -1.912  -1.778  -1.547   0.379   0.443
   0.462   1.020   1.169   1.214   1.264   1.488   1.630   1.677   2.323   2.351
   8.029   8.150   8.320  10.200  10.360  10.596
            0.625004 -0.072165  0.485763
 -44.709 -22.908 -22.896 -22.892 -16.565 -16.481 -14.761 -14.576 -14.458 -14.383
  -5.315  -5.043  -2.600  -2.284  -2.157  -1.901  -1.743  -1.543   0.367   0.448
   0.470   1.006   1.142   1.198   1.267   1.532   1.631   1.694   2.321   2.356
   8.007   8.161   8.316  10.174  10.374  10.616
            0.616671 -0.086599  0.485762
 -44.709 -22.908 -22.897 -22.891 -16.573 -16.472 -14.761 -14.588 -14.447 -14.382
  -5.340  -5.010  -2.609  -2.325  -2.169  -1.886  -1.707  -1.539   0.355   0.453
   0.479   0.990   1.114   1.184   1.271   1.573   1.632   1.715   2.319   2.361
   7.985   8.171   8.311  10.149  10.387  10.638
            0.608337 -0.101033  0.485762
 -44.709 -22.908 -22.897 -22.891 -16.582 -16.463 -14.760 -14.601 -14.435 -14.382
  -5.364  -4.976  -2.620  -2.369  -2.181  -1.871  -1.671  -1.535   0.342   0.459
   0.488   0.973   1.085   1.170   1.277   1.610   1.634   1.739   2.317   2.366
   7.961   8.181   8.306  10.126  10.399  10.660
            0.600004 -0.115467  0.485762
 -44.709 -22.909 -22.897 -22.890 -16.590 -16.454 -14.760 -14.613 -14.424 -14.382
  -5.387  -4.942  -2.631  -2.413  -2.192  -1.855  -1.635  -1.531   0.328   0.465
   0.499   0.954   1.056   1.158   1.282   1.636   1.643   1.766   2.316   2.370
   7.937   8.189   8.301  10.104  10.411  10.681
            0.591670 -0.129901  0.485762
 -44.709 -22.909 -22.897 -22.890 -16.598 -16.445 -14.759 -14.625 -14.413 -14.382
  -5.409  -4.907  -2.644  -2.458  -2.201  -1.839  -1.600  -1.526   0.315   0.473
   0.511   0.934   1.027   1.146   1.287   1.639   1.671   1.795   2.316   2.374
   7.913   8.197   8.296  10.085  10.422  10.702
            0.583337 -0.144335  0.485762
 -44.709 -22.909 -22.898 -22.889 -16.605 -16.437 -14.759 -14.637 -14.402 -14.382
  -5.429  -4.874  -2.657  -2.501  -2.209  -1.824  -1.566  -1.523   0.302   0.482
   0.523   0.912   0.999   1.135   1.292   1.642   1.696   1.824   2.317   2.377
   7.889   8.204   8.291  10.067  10.434  10.722
            0.575003 -0.158769  0.485762
 -44.709 -22.909 -22.898 -22.889 -16.612 -16.429 -14.758 -14.648 -14.392 -14.382
  -5.448  -4.841  -2.672  -2.542  -2.216  -1.810  -1.535  -1.519   0.289   0.493
   0.536   0.890   0.972   1.125   1.296   1.645   1.719   1.853   2.318   2.380
   7.866   8.209   8.287  10.051  10.445  10.741
            0.566670 -0.173203  0.485762
 -44.709 -22.909 -22.898 -22.888 -16.619 -16.422 -14.758 -14.658 -14.383 -14.382
  -5.466  -4.809  -2.688  -2.578  -2.221  -1.797  -1.517  -1.504   0.276   0.504
   0.550   0.867   0.946   1.116   1.300   1.648   1.739   1.879   2.321   2.382
   7.844   8.214   8.283  10.037  10.456  10.758
            0.558336 -0.187638  0.485762
 -44.709 -22.909 -22.898 -22.888 -16.625 -16.415 -14.757 -14.667 -14.382 -14.375
  -5.481  -4.779  -2.707  -2.608  -2.226  -1.785  -1.513  -1.477   0.264   0.516
   0.565   0.844   0.922   1.108   1.303   1.652   1.757   1.903   2.324   2.383
   7.823   8.217   8.280  10.025  10.466  10.774
            0.550003 -0.202072  0.485762
 -44.709 -22.910 -22.898 -22.888 -16.630 -16.409 -14.757 -14.675 -14.382 -14.368
  -5.495  -4.752  -2.728  -2.632  -2.230  -1.774  -1.511  -1.453   0.253   0.529
   0.580   0.820   0.899   1.101   1.306   1.655   1.773   1.924   2.328   2.384
   7.804   8.220   8.278  10.015  10.476  10.787
            0.541669 -0.216506  0.485762
 -44.709 -22.910 -22.898 -22.887 -16.634 -16.403 -14.757 -14.683 -14.382 -14.361
  -5.507  -4.727  -2.751  -2.649  -2.233  -1.765  -1.509  -1.432   0.244   0.543
   0.595   0.796   0.879   1.095   1.309   1.657   1.787   1.941   2.332   2.384
   7.788   8.221   8.276  10.007  10.485  10.798
            0.533336 -0.230940  0.485762
 -44.709 -22.910 -22.899 -22.887 -16.638 -16.399 -14.757 -14.689 -14.382 -14.356
  -5.517  -4.706  -2.772  -2.661  -2.235  -1.758  -1.507  -1.415   0.236   0.557
   0.611   0.772   0.860   1.090   1.311   1.660   1.799   1.955   2.336   2.384
   7.774   8.222   8.275  10.000  10.492  10.807
            0.525002 -0.245374  0.485762
 -44.709 -22.910 -22.899 -22.887 -16.641 -16.395 -14.756 -14.693 -14.382 -14.352
  -5.525  -4.689  -2.791  -2.670  -2.237  -1.752  -1.505  -1.401   0.229   0.570
   0.627   0.749   0.844   1.086   1.312   1.662   1.809   1.965   2.340   2.384
   7.762   8.222   8.274   9.995  10.498  10.815
            0.516669 -0.259808  0.485762
 -44.709 -22.910 -22.899 -22.887 -16.643 -16.393 -14.756 -14.697 -14.382 -14.349
  -5.530  -4.677  -2.805  -2.676  -2.238  -1.748  -1.504  -1.391   0.224   0.580
   0.643   0.726   0.832   1.083   1.313   1.663   1.816   1.973   2.343   2.384
   7.754   8.222   8.274   9.991  10.503  10.820
            0.508335 -0.274242  0.485762
 -44.709 -22.910 -22.899 -22.887 -16.644 -16.391 -14.756 -14.699 -14.382 -14.347
  -5.534  -4.669  -2.813  -2.679  -2.239  -1.745  -1.504  -1.385   0.222   0.588
   0.660   0.706   0.824   1.081   1.314   1.664   1.820   1.977   2.345   2.384
   7.749   8.222   8.274   9.989  10.506  10.823
            0.500002 -0.288676  0.485762
 -44.709 -22.910 -22.899 -22.887 -16.645 -16.391 -14.756 -14.700 -14.382 -14.347
  -5.535  -4.667  -2.816  -2.680  -2.239  -1.744  -1.504  -1.383   0.221   0.590
   0.671   0.694   0.821   1.080   1.314   1.664   1.821   1.979   2.346   2.384
   7.747   8.222   8.274   9.988  10.507  10.824
            0.491668 -0.303110  0.485762
 -44.709 -22.910 -22.899 -22.887 -16.644 -16.391 -14.756 -14.699 -14.382 -14.347
  -5.534  -4.669  -2.813  -2.679  -2.239  -1.745  -1.504  -1.385   0.222   0.588
   0.660   0.706   0.824   1.081   1.314   1.664   1.820   1.977   2.345   2.384
   7.749   8.222   8.274   9.989  10.506  10.823
            0.483335 -0.317544  0.485762
 -44.709 -22.910 -22.899 -22.887 -16.643 -16.393 -14.756 -14.697 -14.382 -14.349
  -5.530  -4.677  -2.805  -2.676  -2.238  -1.748  -1.504  -1.391   0.224   0.580
   0.643   0.726   0.832   1.083   1.313   1.663   1.816   1.973   2.343   2.384
   7.754   8.222   8.274   9.991  10.503  10.820
            0.475001 -0.331978  0.485762
 -44.709 -22.910 -22.899 -22.887 -16.641 -16.395 -14.756 -14.693 -14.382 -14.352
  -5.525  -4.689  -2.791  -2.670  -2.237  -1.752  -1.505  -1.401   0.229   0.570
   0.627   0.749   0.844   1.086   1.312   1.662   1.809   1.965   2.340   2.384
   7.762   8.222   8.274   9.995  10.498  10.815
            0.466668 -0.346412  0.485762
 -44.709 -22.910 -22.899 -22.887 -16.638 -16.399 -14.757 -14.689 -14.382 -14.356
  -5.517  -4.706  -2.772  -2.661  -2.235  -1.758  -1.507  -1.415   0.236   0.557
   0.611   0.772   0.860   1.090   1.311   1.660   1.799   1.955   2.336   2.384
   7.774   8.222   8.275  10.000  10.492  10.807
            0.458334 -0.360846  0.485762
 -44.709 -22.910 -22.898 -22.887 -16.634 -16.403 -14.757 -14.683 -14.382 -14.361
  -5.507  -4.727  -2.751  -2.649  -2.233  -1.765  -1.509  -1.432   0.244   0.543
   0.595   0.796   0.879   1.095   1.309   1.657   1.787   1.941   2.332   2.384
   7.788   8.221   8.276  10.007  10.485  10.798
            0.450001 -0.375280  0.485762
 -44.709 -22.910 -22.898 -22.888 -16.630 -16.409 -14.757 -14.675 -14.382 -14.368
  -5.495  -4.752  -2.728  -2.632  -2.230  -1.774  -1.511  -1.453   0.253   0.529
   0.580   0.820   0.899   1.101   1.306   1.655   1.773   1.924   2.328   2.384
   7.804   8.220   8.278  10.015  10.476  10.787
            0.441667 -0.389714  0.485762
 -44.709 -22.909 -22.898 -22.888 -16.625 -16.415 -14.757 -14.667 -14.382 -14.375
  -5.481  -4.779  -2.707  -2.608  -2.226  -1.785  -1.513  -1.477   0.264   0.516
   0.565   0.844   0.922   1.108   1.303   1.652   1.757   1.903   2.324   2.383
   7.823   8.217   8.280  10.025  10.466  10.774
            0.433334 -0.404148  0.485762
 -44.709 -22.909 -22.898 -22.888 -16.619 -16.422 -14.758 -14.658 -14.383 -14.382
  -5.466  -4.809  -2.688  -2.578  -2.221  -1.797  -1.517  -1.504   0.276   0.504
   0.550   0.867   0.946   1.116   1.300   1.648   1.739   1.879   2.321   2.382
   7.844   8.214   8.283  10.037  10.456  10.758
            0.425000 -0.418582  0.485762
 -44.709 -22.909 -22.898 -22.889 -16.612 -16.429 -14.758 -14.648 -14.392 -14.382
  -5.448  -4.841  -2.672  -2.542  -2.216  -1.810  -1.535  -1.519   0.289   0.493
   0.536   0.890   0.972   1.125   1.296   1.645   1.719   1.853   2.318   2.380
   7.866   8.209   8.287  10.051  10.445  10.741
            0.416667 -0.433016  0.485762
 -44.709 -22.909 -22.898 -22.889 -16.605 -16.437 -14.759 -14.637 -14.402 -14.382
  -5.429  -4.874  -2.657  -2.501  -2.209  -1.824  -1.566  -1.523   0.302   0.482
   0.523   0.912   0.999   1.135   1.292   1.642   1.696   1.824   2.317   2.377
   7.889   8.204   8.291  10.067  10.434  10.722
            0.408334 -0.447450  0.485762
 -44.709 -22.909 -22.897 -22.890 -16.598 -16.445 -14.759 -14.625 -14.413 -14.382
  -5.409  -4.907  -2.644  -2.458  -2.201  -1.839  -1.600  -1.526   0.315   0.473
   0.511   0.934   1.027   1.146   1.287   1.639   1.671   1.795   2.316   2.374
   7.913   8.197   8.296  10.085  10.422  10.702
            0.400000 -0.461885  0.485762
 -44.709 -22.909 -22.897 -22.890 -16.590 -16.454 -14.760 -14.613 -14.424 -14.382
  -5.387  -4.942  -2.631  -2.413  -2.192  -1.855  -1.635  -1.531   0.328   0.465
   0.499   0.954   1.056   1.158   1.282   1.636   1.643   1.766   2.316   2.370
   7.937   8.189   8.301  10.104  10.411  10.681
            0.391667 -0.476319  0.485762
 -44.709 -22.908 -22.897 -22.891 -16.582 -16.463 -14.760 -14.601 -14.435 -14.382
  -5.364  -4.976  -2.620  -2.369  -2.181  -1.871  -1.671  -1.535   0.342   0.459
   0.488   0.973   1.085   1.170   1.277   1.610   1.634   1.739   2.317   2.366
   7.961   8.181   8.306  10.126  10.399  10.660
            0.383333 -0.490753  0.485762
 -44.709 -22.908 -22.897 -22.891 -16.573 -16.472 -14.761 -14.588 -14.447 -14.382
  -5.340  -5.010  -2.609  -2.325  -2.169  -1.886  -1.707  -1.539   0.355   0.453
   0.479   0.990   1.114   1.184   1.271   1.573   1.632   1.715   2.319   2.361
   7.985   8.171   8.311  10.149  10.387  10.638
            0.375000 -0.505187  0.485762
 -44.709 -22.908 -22.896 -22.892 -16.565 -16.481 -14.761 -14.576 -14.458 -14.383
  -5.315  -5.043  -2.600  -2.284  -2.157  -1.901  -1.743  -1.543   0.367   0.448
   0.470   1.006   1.142   1.198   1.267   1.532   1.631   1.694   2.321   2.356
   8.007   8.161   8.316  10.174  10.374  10.616
            0.366666 -0.519621  0.485762
 -44.709 -22.908 -22.896 -22.892 -16.556 -16.490 -14.762 -14.563 -14.470 -14.383
  -5.290  -5.075  -2.592  -2.247  -2.144  -1.912  -1.778  -1.547   0.379   0.443
   0.462   1.020   1.169   1.214   1.264   1.488   1.630   1.677   2.323   2.351
   8.029   8.150   8.320  10.200  10.360  10.596
            0.358333 -0.534055  0.485762
 -44.709 -22.908 -22.895 -22.893 -16.547 -16.498 -14.762 -14.551 -14.482 -14.383
  -5.265  -5.106  -2.585  -2.214  -2.135  -1.918  -1.812  -1.551   0.390   0.440
   0.455   1.031   1.193   1.230   1.264   1.443   1.631   1.663   2.326   2.346
   8.049   8.138   8.323  10.226  10.346  10.578
            0.349999 -0.548489  0.485761
 -44.709 -22.908 -22.895 -22.893 -16.539 -16.507 -14.763 -14.539 -14.494 -14.383
  -5.239  -5.135  -2.580  -2.186  -2.131  -1.917  -1.843  -1.554   0.399   0.437
   0.450   1.040   1.210   1.246   1.272   1.396   1.632   1.652   2.329   2.342
   8.067   8.125   8.326  10.252  10.331  10.563
            0.341666 -0.562923  0.485761
 -44.709 -22.908 -22.895 -22.894 -16.531 -16.515 -14.763 -14.527 -14.505 -14.383
  -5.214  -5.163  -2.577  -2.163  -2.135  -1.908  -1.870  -1.556   0.405   0.437
   0.444   1.045   1.218   1.261   1.290   1.351   1.634   1.644   2.332   2.338
   8.084   8.112   8.328  10.276  10.314  10.553
            0.333332 -0.577357  0.485761
 -44.709 -22.908 -22.894 -22.894 -16.523 -16.523 -14.763 -14.516 -14.516 -14.383
  -5.189  -5.188  -2.576  -2.146  -2.145  -1.892  -1.892  -1.557   0.407   0.439
   0.440   1.047   1.220   1.272   1.313   1.314   1.638   1.638   2.334   2.335
   8.099   8.099   8.328  10.296  10.297  10.550
            0.324999 -0.562923  0.485761
 -44.709 -22.908 -22.895 -22.894 -16.530 -16.516 -14.763 -14.526 -14.506 -14.383
  -5.212  -5.164  -2.577  -2.162  -2.135  -1.906  -1.872  -1.556   0.406   0.435
   0.446   1.045   1.218   1.252   1.312   1.339   1.635   1.643   2.332   2.337
   8.085   8.112   8.328  10.278  10.312  10.554
            0.316666 -0.548489  0.485761
 -44.709 -22.908 -22.895 -22.893 -16.537 -16.509 -14.763 -14.536 -14.496 -14.383
  -5.234  -5.141  -2.580  -2.182  -2.132  -1.912  -1.852  -1.553   0.402   0.430
   0.453   1.038   1.204   1.229   1.329   1.366   1.635   1.649   2.331   2.340
   8.070   8.122   8.326  10.258  10.320  10.567
            0.308332 -0.534055  0.485761
 -44.709 -22.908 -22.895 -22.893 -16.543 -16.503 -14.762 -14.545 -14.488 -14.383
  -5.253  -5.118  -2.586  -2.203  -2.138  -1.908  -1.834  -1.548   0.396   0.424
   0.461   1.025   1.174   1.226   1.350   1.392   1.638   1.656   2.330   2.343
   8.056   8.131   8.322  10.239  10.322  10.589
            0.299999 -0.519621  0.485761
 -44.709 -22.908 -22.896 -22.892 -16.549 -16.498 -14.761 -14.554 -14.481 -14.382
  -5.270  -5.098  -2.594  -2.224  -2.150  -1.898  -1.817  -1.540   0.388   0.418
   0.469   1.005   1.145   1.229   1.372   1.418   1.643   1.665   2.331   2.346
   8.041   8.138   8.317  10.219  10.318  10.617
            0.291666 -0.505187  0.485761
 -44.709 -22.908 -22.896 -22.892 -16.554 -16.493 -14.759 -14.561 -14.475 -14.381
  -5.284  -5.079  -2.605  -2.243  -2.167  -1.884  -1.803  -1.530   0.379   0.411
   0.477   0.980   1.121   1.234   1.395   1.444   1.650   1.675   2.332   2.350
   8.027   8.143   8.310  10.199  10.310  10.650
            0.283333 -0.490753  0.485761
 -44.709 -22.908 -22.896 -22.891 -16.558 -16.490 -14.758 -14.568 -14.470 -14.379
  -5.296  -5.062  -2.617  -2.262  -2.186  -1.871  -1.789  -1.518   0.368   0.404
   0.485   0.953   1.101   1.242   1.417   1.470   1.660   1.686   2.334   2.355
   8.012   8.147   8.302  10.179  10.299  10.686
            0.274999 -0.476319  0.485761
 -44.709 -22.909 -22.896 -22.891 -16.562 -16.487 -14.755 -14.574 -14.467 -14.378
  -5.305  -5.047  -2.632  -2.278  -2.206  -1.860  -1.773  -1.506   0.355   0.395
   0.492   0.925   1.082   1.254   1.438   1.496   1.672   1.698   2.335   2.361
   7.997   8.148   8.292  10.161  10.286  10.723
            0.266666 -0.461885  0.485761
 -44.709 -22.909 -22.896 -22.891 -16.564 -16.486 -14.752 -14.579 -14.465 -14.376
  -5.311  -5.035  -2.647  -2.293  -2.226  -1.855  -1.754  -1.494   0.340   0.385
   0.499   0.899   1.065   1.268   1.458   1.523   1.684   1.712   2.337   2.368
   7.983   8.148   8.280  10.144  10.272  10.760
            0.258333 -0.447452  0.485761
 -44.709 -22.909 -22.896 -22.890 -16.566 -16.485 -14.749 -14.583 -14.465 -14.373
  -5.315  -5.025  -2.663  -2.306  -2.246  -1.855  -1.733  -1.483   0.323   0.372
   0.506   0.877   1.048   1.286   1.477   1.550   1.697   1.727   2.339   2.377
   7.969   8.146   8.268  10.128  10.256  10.795
            0.249999 -0.433018  0.485761
 -44.709 -22.909 -22.896 -22.890 -16.568 -16.486 -14.745 -14.585 -14.466 -14.371
  -5.316  -5.018  -2.679  -2.320  -2.263  -1.858  -1.710  -1.474   0.303   0.358
   0.513   0.859   1.033   1.306   1.495   1.578   1.710   1.744   2.340   2.388
   7.956   8.142   8.254  10.113  10.240  10.828
            0.241666 -0.418584  0.485761
 -44.709 -22.909 -22.896 -22.889 -16.568 -16.488 -14.741 -14.587 -14.469 -14.368
  -5.315  -5.014  -2.695  -2.336  -2.276  -1.865  -1.686  -1.467   0.282   0.340
   0.521   0.845   1.018   1.329   1.511   1.607   1.722   1.763   2.342   2.400
   7.943   8.136   8.239  10.100  10.223  10.856
            0.233333 -0.404150  0.485761
 -44.709 -22.910 -22.896 -22.889 -16.568 -16.491 -14.737 -14.587 -14.472 -14.365
  -5.310  -5.014  -2.710  -2.354  -2.284  -1.875  -1.664  -1.463   0.258   0.320
   0.530   0.836   1.005   1.354   1.526   1.636   1.734   1.784   2.344   2.413
   7.931   8.128   8.224  10.088  10.206  10.875
            0.225000 -0.389716  0.485761
 -44.709 -22.910 -22.896 -22.889 -16.566 -16.495 -14.732 -14.586 -14.477 -14.363
  -5.303  -5.016  -2.724  -2.373  -2.289  -1.886  -1.642  -1.460   0.233   0.297
   0.539   0.832   0.993   1.381   1.540   1.665   1.745   1.806   2.345   2.427
   7.919   8.118   8.209  10.079  10.189  10.882
            0.216666 -0.375282  0.485761
 -44.709 -22.910 -22.896 -22.888 -16.565 -16.500 -14.728 -14.584 -14.483 -14.360
  -5.294  -5.021  -2.736  -2.394  -2.290  -1.899  -1.622  -1.460   0.206   0.272
   0.550   0.831   0.983   1.410   1.554   1.694   1.756   1.828   2.347   2.442
   7.908   8.105   8.195  10.070  10.172  10.872
            0.208333 -0.360848  0.485761
 -44.709 -22.911 -22.896 -22.888 -16.562 -16.505 -14.723 -14.580 -14.489 -14.358
  -5.282  -5.030  -2.747  -2.415  -2.288  -1.913  -1.604  -1.463   0.179   0.245
   0.562   0.834   0.976   1.440   1.566   1.723   1.766   1.852   2.350   2.458
   7.898   8.090   8.181  10.063  10.157  10.844
            0.200000 -0.346414  0.485761
 -44.709 -22.911 -22.895 -22.888 -16.559 -16.512 -14.720 -14.574 -14.497 -14.355
  -5.268  -5.041  -2.756  -2.437  -2.284  -1.929  -1.589  -1.467   0.150   0.216
   0.575   0.839   0.970   1.471   1.578   1.751   1.777   1.876   2.353   2.475
   7.889   8.072   8.167  10.056  10.144  10.803
            0.191667 -0.331980  0.485761
 -44.709 -22.911 -22.895 -22.887 -16.555 -16.520 -14.716 -14.567 -14.505 -14.354
  -5.251  -5.055  -2.763  -2.458  -2.278  -1.945  -1.576  -1.472   0.121   0.185
   0.590   0.847   0.967   1.502   1.589   1.775   1.791   1.901   2.357   2.492
   7.881   8.053   8.154  10.050  10.133  10.753
            0.183333 -0.317546  0.485761
 -44.709 -22.912 -22.894 -22.887 -16.550 -16.528 -14.713 -14.559 -14.514 -14.352
  -5.232  -5.071  -2.769  -2.479  -2.269  -1.963  -1.567  -1.479   0.092   0.153
   0.606   0.857   0.965   1.532   1.600   1.789   1.814   1.926   2.361   2.509
   7.873   8.031   8.141  10.043  10.126  10.699
            0.175000 -0.303112  0.485761
 -44.709 -22.912 -22.894 -22.887 -16.545 -16.536 -14.711 -14.549 -14.523 -14.350
  -5.211  -5.090  -2.773  -2.500  -2.259  -1.982  -1.562  -1.485   0.062   0.120
   0.623   0.869   0.966   1.561   1.611   1.800   1.841   1.951   2.366   2.527
   7.866   8.009   8.127  10.035  10.123  10.644
            0.166667 -0.288678  0.485761
 -44.709 -22.912 -22.893 -22.887 -16.545 -16.539 -14.709 -14.538 -14.533 -14.349
  -5.189  -5.110  -2.776  -2.520  -2.246  -2.003  -1.561  -1.491   0.033   0.087
   0.641   0.881   0.969   1.587   1.625   1.810   1.867   1.976   2.371   2.544
   7.860   7.986   8.114  10.025  10.124  10.589
            0.158334 -0.274244  0.485761
 -44.709 -22.913 -22.893 -22.886 -16.555 -16.533 -14.707 -14.544 -14.525 -14.347
  -5.164  -5.132  -2.779  -2.540  -2.232  -2.025  -1.564  -1.496   0.004   0.054
   0.661   0.893   0.973   1.607   1.643   1.822   1.893   2.001   2.378   2.561
   7.855   7.963   8.099  10.012  10.129  10.537
            0.150000 -0.259810  0.485761
 -44.709 -22.913 -22.892 -22.886 -16.565 -16.526 -14.706 -14.555 -14.512 -14.346
  -5.156  -5.138  -2.780  -2.559  -2.216  -2.047  -1.570  -1.501  -0.024   0.021
   0.680   0.906   0.979   1.620   1.664   1.835   1.918   2.025   2.385   2.578
   7.851   7.939   8.085   9.998  10.138  10.489
            0.141667 -0.245377  0.485761
 -44.709 -22.914 -22.892 -22.886 -16.575 -16.519 -14.705 -14.567 -14.499 -14.345
  -5.179  -5.110  -2.781  -2.578  -2.199  -2.071  -1.579  -1.505  -0.052  -0.012
   0.700   0.918   0.986   1.632   1.686   1.849   1.942   2.048   2.392   2.594
   7.846   7.916   8.069   9.980  10.151  10.447
            0.133334 -0.230943  0.485761
 -44.709 -22.914 -22.891 -22.886 -16.585 -16.512 -14.705 -14.578 -14.485 -14.344
  -5.204  -5.082  -2.781  -2.596  -2.180  -2.095  -1.589  -1.510  -0.079  -0.044
   0.720   0.929   0.995   1.642   1.707   1.866   1.964   2.071   2.401   2.610
   7.842   7.894   8.054   9.960  10.166  10.412
            0.125000 -0.216509  0.485761
 -44.709 -22.914 -22.891 -22.886 -16.595 -16.504 -14.704 -14.590 -14.471 -14.344
  -5.229  -5.052  -2.781  -2.614  -2.162  -2.118  -1.600  -1.516  -0.105  -0.075
   0.740   0.940   1.004   1.652   1.724   1.885   1.985   2.092   2.410   2.625
   7.837   7.874   8.037   9.935  10.184  10.386
            0.116667 -0.202075  0.485761
 -44.709 -22.915 -22.890 -22.886 -16.604 -16.497 -14.704 -14.602 -14.457 -14.343
  -5.254  -5.022  -2.781  -2.631  -2.161  -2.124  -1.611  -1.523  -0.130  -0.105
   0.760   0.950   1.012   1.663   1.739   1.906   2.005   2.112   2.420   2.640
   7.827   7.860   8.020   9.907  10.205  10.368
            0.108334 -0.187641  0.485761
 -44.709 -22.915 -22.889 -22.886 -16.614 -16.489 -14.704 -14.613 -14.443 -14.342
  -5.278  -4.992  -2.781  -2.648  -2.182  -2.106  -1.621  -1.531  -0.155  -0.134
   0.779   0.960   1.021   1.675   1.752   1.929   2.024   2.131   2.431   2.653
   7.811   7.853   8.003   9.877  10.228  10.358
            0.100001 -0.173207  0.485761
 -44.709 -22.915 -22.889 -22.885 -16.623 -16.482 -14.704 -14.625 -14.430 -14.342
  -5.302  -4.961  -2.780  -2.664  -2.208  -2.082  -1.631  -1.540  -0.178  -0.161
   0.797   0.969   1.028   1.687   1.762   1.952   2.041   2.148   2.442   2.666
   7.792   7.850   7.986   9.844  10.253  10.357
            0.091667 -0.158773  0.485761
 -44.709 -22.916 -22.888 -22.885 -16.632 -16.474 -14.703 -14.636 -14.417 -14.341
  -5.325  -4.931  -2.780  -2.679  -2.234  -2.057  -1.640  -1.551  -0.200  -0.186
   0.815   0.977   1.034   1.700   1.771   1.975   2.057   2.163   2.454   2.677
   7.773   7.849   7.969   9.810  10.280  10.362
            0.083334 -0.144339  0.485761
 -44.709 -22.916 -22.888 -22.885 -16.640 -16.467 -14.703 -14.646 -14.404 -14.341
  -5.347  -4.902  -2.780  -2.694  -2.260  -2.031  -1.648  -1.562  -0.221  -0.210
   0.832   0.985   1.038   1.714   1.778   1.998   2.071   2.176   2.465   2.688
   7.754   7.850   7.953   9.776  10.309  10.374
            0.075001 -0.129905  0.485761
 -44.709 -22.916 -22.887 -22.885 -16.648 -16.460 -14.704 -14.656 -14.393 -14.340
  -5.367  -4.874  -2.779  -2.708  -2.286  -2.005  -1.656  -1.575  -0.240  -0.232
   0.848   0.992   1.041   1.728   1.784   2.020   2.084   2.188   2.477   2.697
   7.736   7.850   7.937   9.743  10.340  10.390
            0.066668 -0.115471  0.485761
 -44.709 -22.917 -22.887 -22.885 -16.655 -16.454 -14.704 -14.666 -14.382 -14.340
  -5.386  -4.847  -2.779  -2.721  -2.309  -1.979  -1.662  -1.588  -0.258  -0.251
   0.864   0.999   1.042   1.742   1.790   2.042   2.095   2.198   2.488   2.706
   7.720   7.851   7.922   9.712  10.371  10.410
            0.058334 -0.101037  0.485761
 -44.709 -22.917 -22.886 -22.885 -16.661 -16.448 -14.704 -14.674 -14.372 -14.340
  -5.403  -4.822  -2.779  -2.733  -2.331  -1.953  -1.668  -1.602  -0.274  -0.269
   0.878   1.005   1.042   1.755   1.794   2.061   2.105   2.206   2.498   2.713
   7.705   7.852   7.908   9.684  10.403  10.432
            0.050001 -0.086603  0.485761
 -44.709 -22.917 -22.886 -22.885 -16.666 -16.443 -14.704 -14.682 -14.364 -14.340
  -5.418  -4.799  -2.779  -2.744  -2.351  -1.927  -1.673  -1.617  -0.288  -0.285
   0.891   1.010   1.040   1.768   1.798   2.080   2.114   2.212   2.508   2.719
   7.691   7.854   7.895   9.659  10.434  10.456
            0.041668 -0.072169  0.485761
 -44.709 -22.917 -22.886 -22.885 -16.671 -16.438 -14.704 -14.688 -14.356 -14.339
  -5.431  -4.779  -2.779  -2.754  -2.368  -1.903  -1.677  -1.632  -0.300  -0.298
   0.903   1.015   1.038   1.780   1.801   2.096   2.121   2.217   2.517   2.725
   7.679   7.855   7.884   9.637  10.465  10.480
            0.033334 -0.057735  0.485761
 -44.709 -22.918 -22.885 -22.885 -16.675 -16.434 -14.704 -14.694 -14.350 -14.339
  -5.442  -4.763  -2.779  -2.763  -2.382  -1.880  -1.680  -1.647  -0.311  -0.309
   0.914   1.019   1.035   1.790   1.804   2.110   2.127   2.220   2.524   2.729
   7.670   7.856   7.875   9.618  10.494  10.504
            0.025001 -0.043302  0.485761
 -44.709 -22.918 -22.885 -22.885 -16.678 -16.431 -14.704 -14.698 -14.345 -14.339
  -5.451  -4.749  -2.779  -2.769  -2.394  -1.859  -1.682  -1.661  -0.319  -0.318
   0.923   1.022   1.032   1.798   1.806   2.121   2.132   2.222   2.530   2.732
   7.662   7.857   7.868   9.604  10.519  10.525
            0.016668 -0.028868  0.485761
 -44.709 -22.918 -22.885 -22.885 -16.681 -16.429 -14.704 -14.701 -14.342 -14.339
  -5.457  -4.739  -2.779  -2.774  -2.402  -1.842  -1.684  -1.673  -0.324  -0.324
   0.930   1.024   1.029   1.804   1.807   2.130   2.135   2.223   2.535   2.735
   7.656   7.858   7.862   9.594  10.538  10.541
            0.008335 -0.014434  0.485761
 -44.709 -22.918 -22.885 -22.885 -16.682 -16.428 -14.704 -14.703 -14.340 -14.339
  -5.460  -4.733  -2.779  -2.778  -2.407  -1.830  -1.685  -1.682  -0.328  -0.328
   0.934   1.026   1.027   1.807   1.808   2.135   2.137   2.224   2.537   2.736
   7.653   7.858   7.859   9.587  10.551  10.552
            0.000001  0.000000  0.485761
 -44.709 -22.918 -22.885 -22.885 -16.682 -16.427 -14.704 -14.704 -14.339 -14.339
  -5.462  -4.731  -2.779  -2.779  -2.409  -1.826  -1.685  -1.685  -0.329  -0.329
   0.936   1.026   1.026   1.809   1.809   2.137   2.137   2.224   2.538   2.736
   7.652   7.858   7.858   9.585  10.556  10.556
