Cu      0       0       7.32912545
Cu      1.844496749     1.703944485     7.329129733
Cu      3.689036991     0       7.329108282
Cu      5.533577234     1.703944485     7.329129733
Cu      0       3.407852813     7.329169728
Cu      1.844473915     5.111682166     7.329112533
Cu      3.689036991     3.407844337     7.329138927
Cu      5.533600068     5.111682166     7.329112533
Cu      0       6.815547685     7.329081614
Cu      1.844452291     8.519466        7.329033812
Cu      3.689036991     6.815549938     7.329051108
Cu      5.533621692     8.519466        7.329033812
Cu      0       10.22338432     7.329081614
Cu      1.844473915     11.92724983     7.329112533
Cu      3.689036991     10.22338206     7.329051108
Cu      5.533600068     11.92724983     7.329112533
Cu      0       13.63107919     7.329169728
Cu      1.844496749     15.33498752     7.329129733
Cu      3.689036991     13.63108766     7.329138927
Cu      5.533577234     15.33498752     7.329129733
Cu      0       1.703931617     9.160705205
Cu      1.844502597     0       9.160702619
Cu      3.689036991     1.703930677     9.160694851
Cu      5.533571386     0       9.160702619
Cu      0       5.111662627     9.16066423
Cu      1.844483222     3.407817613     9.16067717
Cu      3.689036991     5.111661458     9.160649782
Cu      5.533590761     3.407817613     9.16067717
Cu      0       8.519466        9.160620342
Cu      1.844451364     6.815538669     9.160616826
Cu      3.689036991     8.519466        9.160605754
Cu      5.533622619     6.815538669     9.160616826
Cu      0       11.92726937     9.16066423
Cu      1.844451364     10.22339333     9.160616826
Cu      3.689036991     11.92727054     9.160649782
Cu      5.533622619     10.22339333     9.160616826
Cu      0       15.33500038     9.160705205
Cu      1.844483222     13.63111439     9.16067717
Cu      3.689036991     15.33500132     9.160694851
Cu      5.533590761     13.63111439     9.16067717
Cu      0       0       11
Cu      1.844495097     1.703938538     11
Cu      3.689036991     0       11
Cu      5.533578886     1.703938538     11
Cu      0       3.407813017     11
Cu      1.844466556     5.111642522     11
Cu      3.689036991     3.407808501     11
Cu      5.533607427     5.111642522     11
Cu      0       6.8155259       11
Cu      1.844443343     8.519466        11
Cu      3.689036991     6.815523275     11
Cu      5.53363064      8.519466        11
Cu      0       10.2234061      11
Cu      1.844466556     11.92728948     11
Cu      3.689036991     10.22340873     11
Cu      5.533607427     11.92728948     11
Cu      0       13.63111898     11
Cu      1.844495097     15.33499346     11
Cu      3.689036991     13.6311235      11
Cu      5.533578886     15.33499346     11
Cu      0       1.703931617     12.83929607
Cu      1.844502597     0       12.83929865
Cu      3.689036991     1.703930677     12.83930642
Cu      5.533571386     0       12.83929865
Cu      0       5.111662627     12.83933704
Cu      1.844483222     3.407817613     12.8393241
Cu      3.689036991     5.111661458     12.83935149
Cu      5.533590761     3.407817613     12.8393241
Cu      0       8.519466        12.83938093
Cu      1.844451364     6.815538669     12.83938444
Cu      3.689036991     8.519466        12.83939552
Cu      5.533622619     6.815538669     12.83938444
Cu      0       11.92726937     12.83933704
Cu      1.844451364     10.22339333     12.83938444
Cu      3.689036991     11.92727054     12.83935149
Cu      5.533622619     10.22339333     12.83938444
Cu      0       15.33500038     12.83929607
Cu      1.844483222     13.63111439     12.8393241
Cu      3.689036991     15.33500132     12.83930642
Cu      5.533590761     13.63111439     12.8393241
Cu      0       0       14.67088921
Cu      1.844496749     1.703944485     14.67088493
Cu      3.689036991     0       14.67090638
Cu      5.533577234     1.703944485     14.67088493
Cu      0       3.407852813     14.67084494
Cu      1.844473915     5.111682166     14.67090213
Cu      3.689036991     3.407844337     14.67087574
Cu      5.533600068     5.111682166     14.67090213
Cu      0       6.815547685     14.67093305
Cu      1.844452291     8.519466        14.67098085
Cu      3.689036991     6.815549938     14.67096356
Cu      5.533621692     8.519466        14.67098085
Cu      0       10.22338432     14.67093305
Cu      1.844473915     11.92724983     14.67090213
Cu      3.689036991     10.22338206     14.67096356
Cu      5.533600068     11.92724983     14.67090213
Cu      0       13.63107919     14.67084494
Cu      1.844496749     15.33498752     14.67088493
Cu      3.689036991     13.63108766     14.67087574
Cu      5.533577234     15.33498752     14.67088493

Cu      1.844496749     1.703944485     16.47088493
Cu      3.689036991     3.407844337     16.47087574
Cu      1.844473915     5.111682166     16.47090213
Cu      3.689036991     6.815549938     16.47096356
Cu      1.844452291     8.519466        16.47098085
Cu      3.689036991     10.22338206     16.47096356
Cu      1.844473915     11.92724983     16.47090213
Cu      3.689036991     13.63108766     16.47087574

C        0.000000000   0.709703163   19.67088493
C        0.000000000   2.130119304   19.67088493
C        1.229679120   0.000252380   19.67088493
C        1.229678987   2.839569792   19.67088493
C        2.459358164   0.709703100   19.67088493
C        2.459358000   2.130119258   19.67088493
C        3.689036991   0.000252338   19.67088493
C        3.689036991   2.839569506   19.67088493
C        4.918715818   0.709703100   19.67088493
C        4.918715982   2.130119258   19.67088493
C        6.148394863   0.000252380   19.67088493
C        6.148394996   2.839569792   19.67088493
C        0.000000000   4.969435863   19.67088493
C        0.000000000   6.389851914   19.67088493
C        1.229678888   4.259985626   19.67088493
C        1.229678744   7.099302473   19.67088493
C        2.459357689   4.969435739   19.67088493
C        2.459357701   6.389851836   19.67088493
C        3.689036991   4.259985419   19.67088493
C        3.689036991   7.099302463   19.67088493
C        4.918716293   4.969435739   19.67088493
C        4.918716281   6.389851836   19.67088493
C        6.148395095   4.259985626   19.67088493
C        6.148395239   7.099302473   19.67088493
C        0.000000000   9.229168860   19.67088493
C        0.000000000  10.649584714   19.67088493
C        1.229678687   8.519718547   19.67088493
C        1.229679083  11.359035264   19.67088493
C        2.459357772   9.229169097   19.67088493
C        2.459358018  10.649584967   19.67088493
C        3.689036991   8.519718700   19.67088493
C        3.689036991  11.359035590   19.67088493
C        4.918716210   9.229169097   19.67088493
C        4.918715964  10.649584967   19.67088493
C        6.148395296   8.519718547   19.67088493
C        6.148394900  11.359035264   19.67088493
C        0.000000000  13.488902093   19.67088493
C        0.000000000  14.909318018   19.67088493
C        1.229679281  12.779451651   19.67088493
C        1.229679223  15.618768316   19.67088493
C        2.459358276  13.488902096   19.67088493
C        2.459358164  14.909317887   19.67088493
C        3.689036991  12.779451693   19.67088493
C        3.689036991  15.618768303   19.67088493
C        4.918715706  13.488902096   19.67088493
C        4.918715818  14.909317887   19.67088493
C        6.148394702  12.779451651   19.67088493
C        6.148394760  15.618768316   19.67088493
