Cu	0	0	6.32913
Cu	1.844496749	1.703944485	6.32913
Cu	3.689036991	0	6.32911
Cu	5.533577234	1.703944485	6.32913
Cu	0	3.407852813	6.32917
Cu	1.844473915	5.111682166	6.32911
Cu	3.689036991	3.407844337	6.32914
Cu	5.533600068	5.111682166	6.32911
Cu	0	6.815547685	6.32908
Cu	1.844452291	8.519466	6.32903
Cu	3.689036991	6.815549938	6.32905
Cu	5.533621692	8.519466	6.32903
Cu	0	10.22338432	6.32908
Cu	1.844473915	11.92724983	6.32911
Cu	3.689036991	10.22338206	6.32905
Cu	5.533600068	11.92724983	6.32911
Cu	0	13.63107919	6.32917
Cu	1.844496749	15.33498752	6.32913
Cu	3.689036991	13.63108766	6.32914
Cu	5.533577234	15.33498752	6.32913
Cu	0	1.703931617	8.16071
Cu	1.844502597	0	8.1607
Cu	3.689036991	1.703930677	8.16069
Cu	5.533571386	0	8.1607
Cu	0	5.111662627	8.16066
Cu	1.844483222	3.407817613	8.16068
Cu	3.689036991	5.111661458	8.16065
Cu	5.533590761	3.407817613	8.16068
Cu	0	8.519466	8.16062
Cu	1.844451364	6.815538669	8.16062
Cu	3.689036991	8.519466	8.16061
Cu	5.533622619	6.815538669	8.16062
Cu	0	11.92726937	8.16066
Cu	1.844451364	10.22339333	8.16062
Cu	3.689036991	11.92727054	8.16065
Cu	5.533622619	10.22339333	8.16062
Cu	0	15.33500038	8.16071
Cu	1.844483222	13.63111439	8.16068
Cu	3.689036991	15.33500132	8.16069
Cu	5.533590761	13.63111439	8.16068
Cu	0	0	10
Cu	1.844495097	1.703938538	10
Cu	3.689036991	0	10
Cu	5.533578886	1.703938538	10
Cu	0	3.407813017	10
Cu	1.844466556	5.111642522	10
Cu	3.689036991	3.407808501	10
Cu	5.533607427	5.111642522	10
Cu	0	6.8155259	10
Cu	1.844443343	8.519466	10
Cu	3.689036991	6.815523275	10
Cu	5.53363064	8.519466	10
Cu	0	10.2234061	10
Cu	1.844466556	11.92728948	10
Cu	3.689036991	10.22340873	10
Cu	5.533607427	11.92728948	10
Cu	0	13.63111898	10
Cu	1.844495097	15.33499346	10
Cu	3.689036991	13.6311235	10
Cu	5.533578886	15.33499346	10
Cu	0	1.703931617	11.8393
Cu	1.844502597	0	11.8393
Cu	3.689036991	1.703930677	11.8393
Cu	5.533571386	0	11.8393
Cu	0	5.111662627	11.8393
Cu	1.844483222	3.407817613	11.8393
Cu	3.689036991	5.111661458	11.8394
Cu	5.533590761	3.407817613	11.8393
Cu	0	8.519466	11.8394
Cu	1.844451364	6.815538669	11.8394
Cu	3.689036991	8.519466	11.8394
Cu	5.533622619	6.815538669	11.8394
Cu	0	11.92726937	11.8393
Cu	1.844451364	10.22339333	11.8394
Cu	3.689036991	11.92727054	11.8394
Cu	5.533622619	10.22339333	11.8394
Cu	0	15.33500038	11.8393
Cu	1.844483222	13.63111439	11.8393
Cu	3.689036991	15.33500132	11.8393
Cu	5.533590761	13.63111439	11.8393
Cu	0	0	13.6709
Cu	1.844496749	1.703944485	13.6709
Cu	3.689036991	0	13.6709
Cu	5.533577234	1.703944485	13.6709
Cu	0	3.407852813	13.6708
Cu	1.844473915	5.111682166	13.6709
Cu	3.689036991	3.407844337	13.6709
Cu	5.533600068	5.111682166	13.6709
Cu	0	6.815547685	13.6709
Cu	1.844452291	8.519466	13.671
Cu	3.689036991	6.815549938	13.671
Cu	5.533621692	8.519466	13.671
Cu	0	10.22338432	13.6709
Cu	1.844473915	11.92724983	13.6709
Cu	3.689036991	10.22338206	13.671
Cu	5.533600068	11.92724983	13.6709
Cu	0	13.63107919	13.6708
Cu	1.844496749	15.33498752	13.6709
Cu	3.689036991	13.63108766	13.6709
Cu	5.533577234	15.33498752	13.6709
			-1
Cu	1.844496749	1.703944485	15.4709
Cu	3.689036991	3.407844337	15.4709
Cu	1.844473915	5.111682166	15.4709
Cu	3.689036991	6.815549938	15.471
Cu	1.844452291	8.519466	15.471
Cu	3.689036991	10.22338206	15.471
Cu	1.844473915	11.92724983	15.4709
Cu	3.689036991	13.63108766	15.4709
			-1
C	0.000000000	0.709703163	18.6709
C	0.000000000	2.130119304	18.6709
C	1.229679120	0.000252380	18.6709
C	1.229678987	2.839569792	18.6709
C	2.459358164	0.709703100	18.6709
C	2.459358000	2.130119258	18.6709
C	3.689036991	0.000252338	18.6709
C	3.689036991	2.839569506	18.6709
C	4.918715818	0.709703100	18.6709
C	4.918715982	2.130119258	18.6709
C	6.148394863	0.000252380	18.6709
C	6.148394996	2.839569792	18.6709
C	0.000000000	4.969435863	18.6709
C	0.000000000	6.389851914	18.6709
C	1.229678888	4.259985626	18.6709
C	1.229678744	7.099302473	18.6709
C	2.459357689	4.969435739	18.6709
C	2.459357701	6.389851836	18.6709
C	3.689036991	4.259985419	18.6709
C	3.689036991	7.099302463	18.6709
C	4.918716293	4.969435739	18.6709
C	4.918716281	6.389851836	18.6709
C	6.148395095	4.259985626	18.6709
C	6.148395239	7.099302473	18.6709
C	0.000000000	9.229168860	18.6709
C	0.000000000	10.649584714	18.6709
C	1.229678687	8.519718547	18.6709
C	1.229679083	11.359035264	18.6709
C	2.459357772	9.229169097	18.6709
C	2.459358018	10.649584967	18.6709
C	3.689036991	8.519718700	18.6709
C	3.689036991	11.359035590	18.6709
C	4.918716210	9.229169097	18.6709
C	4.918715964	10.649584967	18.6709
C	6.148395296	8.519718547	18.6709
C	6.148394900	11.359035264	18.6709
C	0.000000000	13.488902093	18.6709
C	0.000000000	14.909318018	18.6709
C	1.229679281	12.779451651	18.6709
C	1.229679223	15.618768316	18.6709
C	2.459358276	13.488902096	18.6709
C	2.459358164	14.909317887	18.6709
C	3.689036991	12.779451693	18.6709
C	3.689036991	15.618768303	18.6709
C	4.918715706	13.488902096	18.6709
C	4.918715818	14.909317887	18.6709
C	6.148394702	12.779451651	18.6709
C	6.148394760	15.618768316	18.6709
