# Final state angular momentum:   1
# Broadening parameter (in eV):    0.200
# Absorbing atom type (xiabs):   2
# Energy (eV)   sigma
  -10.00000000    0.00029979
   -9.94994995    0.00030082
   -9.89989990    0.00030187
   -9.84984985    0.00030292
   -9.79979980    0.00030397
   -9.74974975    0.00030504
   -9.69969970    0.00030611
   -9.64964965    0.00030719
   -9.59959960    0.00030828
   -9.54954955    0.00030937
   -9.49949950    0.00031047
   -9.44944945    0.00031158
   -9.39939940    0.00031270
   -9.34934935    0.00031383
   -9.29929930    0.00031496
   -9.24924925    0.00031611
   -9.19919920    0.00031726
   -9.14914915    0.00031842
   -9.09909910    0.00031958
   -9.04904905    0.00032076
   -8.99899900    0.00032195
   -8.94894895    0.00032314
   -8.89889890    0.00032434
   -8.84884885    0.00032555
   -8.79879880    0.00032677
   -8.74874875    0.00032800
   -8.69869870    0.00032924
   -8.64864865    0.00033049
   -8.59859860    0.00033175
   -8.54854855    0.00033301
   -8.49849850    0.00033429
   -8.44844845    0.00033558
   -8.39839840    0.00033687
   -8.34834835    0.00033818
   -8.29829830    0.00033950
   -8.24824825    0.00034082
   -8.19819820    0.00034216
   -8.14814815    0.00034351
   -8.09809810    0.00034486
   -8.04804805    0.00034623
   -7.99799800    0.00034761
   -7.94794795    0.00034900
   -7.89789790    0.00035040
   -7.84784785    0.00035181
   -7.79779780    0.00035324
   -7.74774775    0.00035467
   -7.69769770    0.00035612
   -7.64764765    0.00035758
   -7.59759760    0.00035905
   -7.54754755    0.00036053
   -7.49749750    0.00036202
   -7.44744745    0.00036353
   -7.39739740    0.00036505
   -7.34734735    0.00036658
   -7.29729730    0.00036812
   -7.24724725    0.00036968
   -7.19719720    0.00037125
   -7.14714715    0.00037283
   -7.09709710    0.00037443
   -7.04704705    0.00037604
   -6.99699700    0.00037767
   -6.94694695    0.00037930
   -6.89689690    0.00038095
   -6.84684685    0.00038262
   -6.79679680    0.00038430
   -6.74674675    0.00038599
   -6.69669670    0.00038770
   -6.64664665    0.00038943
   -6.59659660    0.00039117
   -6.54654655    0.00039292
   -6.49649650    0.00039469
   -6.44644645    0.00039648
   -6.39639640    0.00039828
   -6.34634635    0.00040010
   -6.29629630    0.00040193
   -6.24624625    0.00040379
   -6.19619620    0.00040565
   -6.14614615    0.00040754
   -6.09609610    0.00040944
   -6.04604605    0.00041136
   -5.99599600    0.00041330
   -5.94594595    0.00041525
   -5.89589590    0.00041722
   -5.84584585    0.00041922
   -5.79579580    0.00042123
   -5.74574575    0.00042326
   -5.69569570    0.00042530
   -5.64564565    0.00042737
   -5.59559560    0.00042946
   -5.54554555    0.00043157
   -5.49549550    0.00043370
   -5.44544545    0.00043584
   -5.39539540    0.00043801
   -5.34534535    0.00044020
   -5.29529530    0.00044242
   -5.24524525    0.00044465
   -5.19519520    0.00044690
   -5.14514515    0.00044918
   -5.09509510    0.00045148
   -5.04504505    0.00045381
   -4.99499499    0.00045615
   -4.94494494    0.00045853
   -4.89489489    0.00046092
   -4.84484484    0.00046334
   -4.79479479    0.00046578
   -4.74474474    0.00046825
   -4.69469469    0.00047075
   -4.64464464    0.00047327
   -4.59459459    0.00047582
   -4.54454454    0.00047839
   -4.49449449    0.00048099
   -4.44444444    0.00048362
   -4.39439439    0.00048628
   -4.34434434    0.00048896
   -4.29429429    0.00049168
   -4.24424424    0.00049442
   -4.19419419    0.00049719
   -4.14414414    0.00049999
   -4.09409409    0.00050283
   -4.04404404    0.00050569
   -3.99399399    0.00050859
   -3.94394394    0.00051152
   -3.89389389    0.00051448
   -3.84384384    0.00051748
   -3.79379379    0.00052051
   -3.74374374    0.00052357
   -3.69369369    0.00052667
   -3.64364364    0.00052980
   -3.59359359    0.00053297
   -3.54354354    0.00053618
   -3.49349349    0.00053943
   -3.44344344    0.00054271
   -3.39339339    0.00054603
   -3.34334334    0.00054939
   -3.29329329    0.00055279
   -3.24324324    0.00055624
   -3.19319319    0.00055972
   -3.14314314    0.00056325
   -3.09309309    0.00056681
   -3.04304304    0.00057043
   -2.99299299    0.00057409
   -2.94294294    0.00057779
   -2.89289289    0.00058154
   -2.84284284    0.00058533
   -2.79279279    0.00058918
   -2.74274274    0.00059307
   -2.69269269    0.00059702
   -2.64264264    0.00060101
   -2.59259259    0.00060506
   -2.54254254    0.00060916
   -2.49249249    0.00061331
   -2.44244244    0.00061752
   -2.39239239    0.00062178
   -2.34234234    0.00062610
   -2.29229229    0.00063048
   -2.24224224    0.00063492
   -2.19219219    0.00063942
   -2.14214214    0.00064398
   -2.09209209    0.00064861
   -2.04204204    0.00065330
   -1.99199199    0.00065806
   -1.94194194    0.00066288
   -1.89189189    0.00066777
   -1.84184184    0.00067274
   -1.79179179    0.00067777
   -1.74174174    0.00068289
   -1.69169169    0.00068807
   -1.64164164    0.00069334
   -1.59159159    0.00069868
   -1.54154154    0.00070411
   -1.49149149    0.00070962
   -1.44144144    0.00071521
   -1.39139139    0.00072090
   -1.34134134    0.00072667
   -1.29129129    0.00073254
   -1.24124124    0.00073850
   -1.19119119    0.00074457
   -1.14114114    0.00075073
   -1.09109109    0.00075701
   -1.04104104    0.00076339
   -0.99099099    0.00076989
   -0.94094094    0.00077650
   -0.89089089    0.00078324
   -0.84084084    0.00079011
   -0.79079079    0.00079711
   -0.74074074    0.00080426
   -0.69069069    0.00081156
   -0.64064064    0.00081902
   -0.59059059    0.00082666
   -0.54054054    0.00083449
   -0.49049049    0.00084253
   -0.44044044    0.00085080
   -0.39039039    0.00085934
   -0.34034034    0.00086818
   -0.29029029    0.00087738
   -0.24024024    0.00088702
   -0.19019019    0.00089720
   -0.14014014    0.00090808
   -0.09009009    0.00091977
   -0.04004004    0.00093264
    0.01001001    0.00094683
    0.06006006    0.00096166
    0.11011011    0.00097653
    0.16016016    0.00099110
    0.21021021    0.00100489
    0.26026026    0.00101785
    0.31031031    0.00103022
    0.36036036    0.00104236
    0.41041041    0.00105464
    0.46046046    0.00106732
    0.51051051    0.00108045
    0.56056056    0.00109395
    0.61061061    0.00110766
    0.66066066    0.00112146
    0.71071071    0.00113527
    0.76076076    0.00114907
    0.81081081    0.00116291
    0.86086086    0.00117690
    0.91091091    0.00119113
    0.96096096    0.00120568
    1.01101101    0.00122062
    1.06106106    0.00123619
    1.11111111    0.00125271
    1.16116116    0.00127043
    1.21121121    0.00128938
    1.26126126    0.00130929
    1.31131131    0.00132958
    1.36136136    0.00134954
    1.41141141    0.00136871
    1.46146146    0.00138712
    1.51151151    0.00140536
    1.56156156    0.00142426
    1.61161161    0.00144459
    1.66166166    0.00146661
    1.71171171    0.00149004
    1.76176176    0.00151424
    1.81181181    0.00153847
    1.86186186    0.00156206
    1.91191191    0.00158445
    1.96196196    0.00160534
    2.01201201    0.00162504
    2.06206206    0.00164453
    2.11211211    0.00166515
    2.16216216    0.00168811
    2.21221221    0.00171404
    2.26226226    0.00174282
    2.31231231    0.00177350
    2.36236236    0.00180447
    2.41241241    0.00183418
    2.46246246    0.00186209
    2.51251251    0.00188905
    2.56256256    0.00191666
    2.61261261    0.00194634
    2.66266266    0.00197884
    2.71271271    0.00201414
    2.76276276    0.00205185
    2.81281281    0.00209154
    2.86286286    0.00213265
    2.91291291    0.00217426
    2.96296296    0.00221513
    3.01301301    0.00225420
    3.06306306    0.00229113
    3.11311311    0.00232668
    3.16316316    0.00236264
    3.21321321    0.00240130
    3.26326326    0.00244447
    3.31331331    0.00249311
    3.36336336    0.00254755
    3.41341341    0.00260782
    3.46346346    0.00267369
    3.51351351    0.00274433
    3.56356356    0.00281817
    3.61361361    0.00289333
    3.66366366    0.00296820
    3.71371371    0.00304174
    3.76376376    0.00311355
    3.81381381    0.00318415
    3.86386386    0.00325513
    3.91391391    0.00332855
    3.96396396    0.00340639
    4.01401401    0.00349040
    4.06406406    0.00358201
    4.11411411    0.00368232
    4.16416416    0.00379177
    4.21421421    0.00390979
    4.26426426    0.00403466
    4.31431431    0.00416425
    4.36436436    0.00429743
    4.41441441    0.00443495
    4.46446446    0.00457882
    4.51451451    0.00473129
    4.56456456    0.00489430
    4.61461461    0.00506959
    4.66466466    0.00525925
    4.71471471    0.00546568
    4.76476476    0.00569063
    4.81481481    0.00593383
    4.86486486    0.00619197
    4.91491491    0.00645935
    4.96496496    0.00673109
    5.01501502    0.00700708
    5.06506507    0.00729326
    5.11511512    0.00759923
    5.16516517    0.00793444
    5.21521522    0.00830435
    5.26526527    0.00870886
    5.31531532    0.00914437
    5.36536537    0.00960911
    5.41541542    0.01010754
    5.46546547    0.01065107
    5.51551552    0.01125573
    5.56556557    0.01193740
    5.61561562    0.01270520
    5.66566567    0.01355723
    5.71571572    0.01448204
    5.76576577    0.01546542
    5.81581582    0.01649810
    5.86586587    0.01758240
    5.91591592    0.01874336
    5.96596597    0.02003496
    6.01601602    0.02152487
    6.06606607    0.02327592
    6.11611612    0.02534418
    6.16616617    0.02778697
    6.21621622    0.03067310
    6.26626627    0.03409335
    6.31631632    0.03816813
    6.36636637    0.04304955
    6.41641642    0.04892036
    6.46646647    0.05599862
    6.51651652    0.06456356
    6.56656657    0.07500617
    6.61661662    0.08787403
    6.66666667    0.10383494
    6.71671672    0.12345201
    6.76676677    0.14667803
    6.81681682    0.17212171
    6.86686687    0.19658314
    6.91691692    0.21574075
    6.96696697    0.22617983
    7.01701702    0.22741181
    7.06706707    0.22194138
    7.11711712    0.21347656
    7.16716717    0.20540399
    7.21721722    0.20020460
    7.26726727    0.19906551
    7.31731732    0.20143715
    7.36736737    0.20484215
    7.41741742    0.20574102
    7.46746747    0.20172068
    7.51751752    0.19318375
    7.56756757    0.18254454
    7.61761762    0.17204432
    7.66766767    0.16266789
    7.71771772    0.15439505
    7.76776777    0.14673664
    7.81781782    0.13910684
    7.86786787    0.13101796
    7.91791792    0.12223470
    7.96796797    0.11296588
    8.01801802    0.10380081
    8.06806807    0.09538039
    8.11811812    0.08813937
    8.16816817    0.08225534
    8.21821822    0.07771013
    8.26826827    0.07434866
    8.31831832    0.07191315
    8.36836837    0.07010055
    8.41841842    0.06868131
    8.46846847    0.06759572
    8.51851852    0.06690523
    8.56856857    0.06667040
    8.61861862    0.06686704
    8.66866867    0.06736514
    8.71871872    0.06799598
    8.76876877    0.06867867
    8.81881882    0.06953060
    8.86886887    0.07084448
    8.91891892    0.07282339
    8.96896897    0.07525934
    9.01901902    0.07754274
    9.06906907    0.07906864
    9.11911912    0.07955049
    9.16916917    0.07900799
    9.21921922    0.07772350
    9.26926927    0.07616063
    9.31931932    0.07480293
    9.36936937    0.07402099
    9.41941942    0.07396120
    9.46946947    0.07449901
    9.51951952    0.07530642
    9.56956957    0.07600905
    9.61961962    0.07634369
    9.66966967    0.07622908
    9.71971972    0.07577620
    9.76976977    0.07525697
    9.81981982    0.07499558
    9.86986987    0.07524052
    9.91991992    0.07608054
    9.96996997    0.07737376
   10.02002002    0.07871249
   10.07007007    0.07958480
   10.12012012    0.07971386
   10.17017017    0.07919703
   10.22022022    0.07835934
   10.27027027    0.07760332
   10.32032032    0.07727663
   10.37037037    0.07749123
   10.42042042    0.07803608
   10.47047047    0.07852532
   10.52052052    0.07869309
   10.57057057    0.07856523
   10.62062062    0.07833939
   10.67067067    0.07813302
   10.72072072    0.07791881
   10.77077077    0.07764644
   10.82082082    0.07738030
   10.87087087    0.07737133
   10.92092092    0.07792049
   10.97097097    0.07911554
   11.02102102    0.08070693
   11.07107107    0.08222257
   11.12112112    0.08323400
   11.17117117    0.08359717
   11.22122122    0.08351011
   11.27127127    0.08334068
   11.32132132    0.08338492
   11.37137137    0.08376748
   11.42142142    0.08447731
   11.47147147    0.08540845
   11.52152152    0.08641627
   11.57157157    0.08744259
   11.62162162    0.08858414
   11.67167167    0.08999584
   11.72172172    0.09172787
   11.77177177    0.09362903
   11.82182182    0.09536688
   11.87187187    0.09660379
   11.92192192    0.09726844
   11.97197197    0.09761382
   12.02202202    0.09796950
   12.07207207    0.09854409
   12.12212212    0.09942127
   12.17217217    0.10055989
   12.22222222    0.10170684
   12.27227227    0.10242423
   12.32232232    0.10242265
   12.37237237    0.10185583
   12.42242242    0.10112214
   12.47247247    0.10048395
   12.52252252    0.10002499
   12.57257257    0.09974295
   12.62262262    0.09946431
   12.67267267    0.09885800
   12.72272272    0.09771751
   12.77277277    0.09617354
   12.82282282    0.09455704
   12.87287287    0.09310408
   12.92292292    0.09180161
   12.97297297    0.09040908
   13.02302302    0.08859627
   13.07307307    0.08616512
   13.12312312    0.08321914
   13.17317317    0.08012085
   13.22322322    0.07728589
   13.27327327    0.07499539
   13.32332332    0.07333395
   13.37337337    0.07223864
   13.42342342    0.07158605
   13.47347347    0.07125673
   13.52352352    0.07114486
   13.57357357    0.07112248
   13.62362362    0.07101811
   13.67367367    0.07065824
   13.72372372    0.06995045
   13.77377377    0.06894008
   13.82382382    0.06778388
   13.87387387    0.06666571
   13.92392392    0.06573450
   13.97397397    0.06508438
   14.02402402    0.06475824
   14.07407407    0.06476198
   14.12412412    0.06508145
   14.17417417    0.06570728
   14.22422422    0.06663653
   14.27427427    0.06781900
   14.32432432    0.06910130
   14.37437437    0.07023716
   14.42442442    0.07096901
   14.47447447    0.07113217
   14.52452452    0.07072780
   14.57457457    0.06993498
   14.62462462    0.06904618
   14.67467467    0.06834972
   14.72472472    0.06802254
   14.77477477    0.06809148
   14.82482482    0.06850760
   14.87487487    0.06928062
   14.92492492    0.07048593
   14.97497497    0.07214373
   15.02502503    0.07415799
   15.07507508    0.07634708
   15.12512513    0.07848929
   15.17517518    0.08034611
   15.22522523    0.08168187
   15.27527528    0.08233899
   15.32532533    0.08237777
   15.37537538    0.08210171
   15.42542543    0.08188905
   15.47547548    0.08203024
   15.52552553    0.08267910
   15.57557558    0.08388130
   15.62562563    0.08561954
   15.67567568    0.08780849
   15.72572573    0.09024832
   15.77577578    0.09262107
   15.82582583    0.09458048
   15.87587588    0.09588527
   15.92592593    0.09645177
   15.97597598    0.09630664
   16.02602603    0.09554450
   16.07607608    0.09432634
   16.12612613    0.09286075
   16.17617618    0.09132953
   16.22622623    0.08980714
   16.27627628    0.08824933
   16.32632633    0.08655469
   16.37637638    0.08464197
   16.42642643    0.08249341
   16.47647648    0.08015559
   16.52652653    0.07771998
   16.57657658    0.07530339
   16.62662663    0.07302711
   16.67667668    0.07099305
   16.72672673    0.06926920
   16.77677678    0.06788489
   16.82682683    0.06682434
   16.87687688    0.06602025
   16.92692693    0.06536222
   16.97697698    0.06472893
   17.02702703    0.06403342
   17.07707708    0.06325459
   17.12712713    0.06243306
   17.17717718    0.06163830
   17.22722723    0.06093617
   17.27727728    0.06037428
   17.32732733    0.05997942
   17.37737738    0.05975652
   17.42742743    0.05968843
   17.47747748    0.05974139
   17.52752753    0.05987829
   17.57757758    0.06007326
   17.62762763    0.06031898
   17.67767768    0.06062488
   17.72772773    0.06101103
   17.77777778    0.06150170
   17.82782783    0.06212140
   17.87787788    0.06289860
   17.92792793    0.06388078
   17.97797798    0.06514859
   18.02802803    0.06680441
   18.07807808    0.06893317
   18.12812813    0.07155812
   18.17817818    0.07460264
   18.22822823    0.07786136
   18.27827828    0.08100644
   18.32832833    0.08366162
   18.37837838    0.08551595
   18.42842843    0.08639801
   18.47847848    0.08630041
   18.52852853    0.08540234
   18.57857858    0.08405267
   18.62862863    0.08265225
   18.67867868    0.08151599
   18.72872873    0.08082144
   18.77877878    0.08063294
   18.82882883    0.08093965
   18.87887888    0.08167033
   18.92892893    0.08268455
   18.97897898    0.08377163
   19.02902903    0.08469067
   19.07907908    0.08523269
   19.12912913    0.08524711
   19.17917918    0.08463030
   19.22922923    0.08333350
   19.27927928    0.08140951
   19.32932933    0.07903838
   19.37937938    0.07646792
   19.42942943    0.07392521
   19.47947948    0.07157893
   19.52952953    0.06954146
   19.57957958    0.06788072
   19.62962963    0.06663004
   19.67967968    0.06579217
   19.72972973    0.06534265
   19.77977978    0.06523687
   19.82982983    0.06541735
   19.87987988    0.06581464
   19.92992993    0.06634158
   19.97997998    0.06688936
   20.03003003    0.06733738
   20.08008008    0.06757775
   20.13013013    0.06754155
   20.18018018    0.06721329
   20.23023023    0.06663028
   20.28028028    0.06587106
   20.33033033    0.06503970
   20.38038038    0.06424883
   20.43043043    0.06359956
   20.48048048    0.06315721
   20.53053053    0.06293172
   20.58058058    0.06287877
   20.63063063    0.06293175
   20.68068068    0.06305181
   20.73073073    0.06325966
   20.78078078    0.06362168
   20.83083083    0.06420113
   20.88088088    0.06500967
   20.93093093    0.06598564
   20.98098098    0.06700986
   21.03103103    0.06795663
   21.08108108    0.06875209
   21.13113113    0.06939248
   21.18118118    0.06991226
   21.23123123    0.07034505
   21.28128128    0.07071185
   21.33133133    0.07103010
   21.38138138    0.07132359
   21.43143143    0.07162301
   21.48148148    0.07195664
   21.53153153    0.07233578
   21.58158158    0.07274253
   21.63163163    0.07312849
   21.68168168    0.07342740
   21.73173173    0.07357556
   21.78178178    0.07352952
   21.83183183    0.07327600
   21.88188188    0.07283703
   21.93193193    0.07227275
   21.98198198    0.07167890
   22.03203203    0.07117284
   22.08208208    0.07086656
   22.13213213    0.07083468
   22.18218218    0.07109005
   22.23223223    0.07157826
   22.28228228    0.07219496
   22.33233233    0.07281451
   22.38238238    0.07330705
   22.43243243    0.07353801
   22.48248248    0.07336892
   22.53253253    0.07268032
   22.58258258    0.07142892
   22.63263263    0.06971114
   22.68268268    0.06775228
   22.73273273    0.06580798
   22.78278278    0.06406932
   22.83283283    0.06262980
   22.88288288    0.06149694
   22.93293293    0.06061824
   22.98298298    0.05991010
   23.03303303    0.05928959
   23.08308308    0.05870506
   23.13313313    0.05815478
   23.18318318    0.05768258
   23.23323323    0.05735077
   23.28328328    0.05720279
   23.33333333    0.05723298
   23.38338338    0.05737907
   23.43343343    0.05754264
   23.48348348    0.05762384
   23.53353353    0.05754540
   23.58358358    0.05725692
   23.63363363    0.05673303
   23.68368368    0.05597469
   23.73373373    0.05500832
   23.78378378    0.05387698
   23.83383383    0.05262752
   23.88388388    0.05130273
   23.93393393    0.04994196
   23.98398398    0.04858515
   24.03403403    0.04727133
   24.08408408    0.04602699
   24.13413413    0.04484783
   24.18418418    0.04368560
   24.23423423    0.04245693
   24.28428428    0.04108396
   24.33433433    0.03954747
   24.38438438    0.03790585
   24.43443443    0.03626052
   24.48448448    0.03470390
   24.53453453    0.03329131
   24.58458458    0.03204242
   24.63463463    0.03095639
   24.68468468    0.03002639
   24.73473473    0.02924773
   24.78478478    0.02862009
   24.83483483    0.02814632
   24.88488488    0.02782974
   24.93493493    0.02767126
   24.98498498    0.02766728
   25.03503504    0.02780900
   25.08508509    0.02808255
   25.13513514    0.02846976
   25.18518519    0.02894891
   25.23523524    0.02949554
   25.28528529    0.03008293
   25.33533534    0.03068270
   25.38538539    0.03126633
   25.43543544    0.03180899
   25.48548549    0.03229472
   25.53553554    0.03271893
   25.58558559    0.03308538
   25.63563564    0.03339975
   25.68568569    0.03366540
   25.73573574    0.03388402
   25.78578579    0.03405921
   25.83583584    0.03419961
   25.88588589    0.03431859
   25.93593594    0.03442948
   25.98598599    0.03453784
   26.03603604    0.03463580
   26.08608609    0.03470396
   26.13613614    0.03472265
   26.18618619    0.03468488
   26.23623624    0.03459844
   26.28628629    0.03447664
   26.33633634    0.03432888
   26.38638639    0.03415724
   26.43643644    0.03395713
   26.48648649    0.03371920
   26.53653654    0.03343176
   26.58658659    0.03308375
   26.63663664    0.03266799
   26.68668669    0.03218435
   26.73673674    0.03164270
   26.78678679    0.03106498
   26.83683684    0.03048399
   26.88688689    0.02993707
   26.93693694    0.02945731
   26.98698699    0.02906661
   27.03703704    0.02877238
   27.08708709    0.02856755
   27.13713714    0.02843330
   27.18718719    0.02834447
   27.23723724    0.02827713
   27.28728729    0.02821582
   27.33733734    0.02815533
   27.38738739    0.02809282
   27.43743744    0.02801530
   27.48748749    0.02789386
   27.53753754    0.02769159
   27.58758759    0.02737995
   27.63763764    0.02695093
   27.68768769    0.02641806
   27.73773774    0.02580844
   27.78778779    0.02515235
   27.83783784    0.02447534
   27.88788789    0.02379524
   27.93793794    0.02312349
   27.98798799    0.02246795
   28.03803804    0.02183456
   28.08808809    0.02122775
   28.13813814    0.02065154
   28.18818819    0.02011189
   28.23823824    0.01961805
   28.28828829    0.01918096
   28.33833834    0.01880914
   28.38838839    0.01850477
   28.43843844    0.01826188
   28.48848849    0.01806692
   28.53853854    0.01790149
   28.58858859    0.01774646
   28.63863864    0.01758589
   28.68868869    0.01740926
   28.73873874    0.01721106
   28.78878879    0.01698849
   28.83883884    0.01673945
   28.88888889    0.01646221
   28.93893894    0.01615676
   28.98898899    0.01582638
   29.03903904    0.01547822
   29.08908909    0.01512259
   29.13913914    0.01477117
   29.18918919    0.01443483
   29.23923924    0.01412203
   29.28928929    0.01383822
   29.33933934    0.01358610
   29.38938939    0.01336629
   29.43943944    0.01317784
   29.48948949    0.01301877
   29.53953954    0.01288635
   29.58958959    0.01277700
   29.63963964    0.01268571
   29.68968969    0.01260538
   29.73973974    0.01252712
   29.78978979    0.01244146
   29.83983984    0.01234042
   29.88988989    0.01221940
   29.93993994    0.01207822
   29.98998999    0.01192088
   30.04004004    0.01175452
   30.09009009    0.01158840
   30.14014014    0.01143292
   30.19019019    0.01129867
   30.24024024    0.01119494
   30.29029029    0.01112842
   30.34034034    0.01110198
   30.39039039    0.01111406
   30.44044044    0.01115840
   30.49049049    0.01122466
   30.54054054    0.01130001
   30.59059059    0.01137163
   30.64064064    0.01142908
   30.69069069    0.01146566
   30.74074074    0.01147827
   30.79079079    0.01146618
   30.84084084    0.01142994
   30.89089089    0.01137111
   30.94094094    0.01129291
   30.99099099    0.01120083
   31.04104104    0.01110259
   31.09109109    0.01100695
   31.14114114    0.01092222
   31.19119119    0.01085482
   31.24124124    0.01080848
   31.29129129    0.01078423
   31.34134134    0.01078105
   31.39139139    0.01079676
   31.44144144    0.01082882
   31.49149149    0.01087472
   31.54154154    0.01093199
   31.59159159    0.01099795
   31.64164164    0.01106940
   31.69169169    0.01114251
   31.74174174    0.01121289
   31.79179179    0.01127638
   31.84184184    0.01133041
   31.89189189    0.01137595
   31.94194194    0.01141813
   31.99199199    0.01146435
   32.04204204    0.01152102
   32.09209209    0.01159113
   32.14214214    0.01167402
   32.19219219    0.01176682
   32.24224224    0.01186644
   32.29229229    0.01197085
   32.34234234    0.01207901
   32.39239239    0.01218957
   32.44244244    0.01229942
   32.49249249    0.01240335
   32.54254254    0.01249562
   32.59259259    0.01257258
   32.64264264    0.01263437
   32.69269269    0.01268416
   32.74274274    0.01272601
   32.79279279    0.01276304
   32.84284284    0.01279692
   32.89289289    0.01282815
   32.94294294    0.01285677
   32.99299299    0.01288305
   33.04304304    0.01290806
   33.09309309    0.01293374
   33.14314314    0.01296255
   33.19319319    0.01299680
   33.24324324    0.01303826
   33.29329329    0.01308791
   33.34334334    0.01314576
   33.39339339    0.01321054
   33.44344344    0.01327956
   33.49349349    0.01334895
   33.54354354    0.01341456
   33.59359359    0.01347343
   33.64364364    0.01352535
   33.69369369    0.01357346
   33.74374374    0.01362370
   33.79379379    0.01368355
   33.84384384    0.01376078
   33.89389389    0.01386266
   33.94394394    0.01399548
   33.99399399    0.01416406
   34.04404404    0.01437121
   34.09409409    0.01461698
   34.14414414    0.01489820
   34.19419419    0.01520847
   34.24424424    0.01553902
   34.29429429    0.01587999
   34.34434434    0.01622180
   34.39439439    0.01655597
   34.44444444    0.01687518
   34.49449449    0.01717274
   34.54454454    0.01744198
   34.59459459    0.01767640
   34.64464464    0.01787068
   34.69469469    0.01802223
   34.74474474    0.01813243
   34.79479479    0.01820684
   34.84484484    0.01825441
   34.89489489    0.01828597
   34.94494494    0.01831270
   34.99499499    0.01834462
   35.04504505    0.01838949
   35.09509510    0.01845237
   35.14514515    0.01853594
   35.19519520    0.01864132
   35.24524525    0.01876884
   35.29529530    0.01891861
   35.34534535    0.01909026
   35.39539540    0.01928232
   35.44544545    0.01949148
   35.49549550    0.01971253
   35.54554555    0.01993933
   35.59559560    0.02016642
   35.64564565    0.02039079
   35.69569570    0.02061301
   35.74574575    0.02083733
   35.79579580    0.02107078
   35.84584585    0.02132157
   35.89589590    0.02159727
   35.94594595    0.02190281
   35.99599600    0.02223861
   36.04604605    0.02259922
   36.09609610    0.02297345
   36.14614615    0.02334666
   36.19619620    0.02370490
   36.24624625    0.02403915
   36.29629630    0.02434739
   36.34634635    0.02463358
   36.39639640    0.02490476
   36.44644645    0.02516811
   36.49649650    0.02542956
   36.54654655    0.02569394
   36.59659660    0.02596579
   36.64664665    0.02624994
   36.69669670    0.02655135
   36.74674675    0.02687418
   36.79679680    0.02722079
   36.84684685    0.02759152
   36.89689690    0.02798563
   36.94694695    0.02840282
   36.99699700    0.02884363
   37.04704705    0.02930808
   37.09709710    0.02979425
   37.14714715    0.03029831
   37.19719720    0.03081620
   37.24724725    0.03134418
   37.29729730    0.03187685
   37.34734735    0.03240394
   37.39739740    0.03290953
   37.44744745    0.03337568
   37.49749750    0.03378849
   37.54754755    0.03414228
   37.59759760    0.03443991
   37.64764765    0.03469092
   37.69769770    0.03490975
   37.74774775    0.03511455
   37.79779780    0.03532610
   37.84784785    0.03556657
   37.89789790    0.03585815
   37.94794795    0.03622106
   37.99799800    0.03667064
   38.04804805    0.03721421
   38.09809810    0.03784941
   38.14814815    0.03856468
   38.19819820    0.03934103
   38.24824825    0.04015373
   38.29829830    0.04097350
   38.34834835    0.04176812
   38.39839840    0.04250569
   38.44844845    0.04315887
   38.49849850    0.04370788
   38.54854855    0.04414155
   38.59859860    0.04445745
   38.64864865    0.04466277
   38.69869870    0.04477568
   38.74874875    0.04482558
   38.79879880    0.04485073
   38.84884885    0.04489326
   38.89889890    0.04499322
   38.94894895    0.04518322
   38.99899900    0.04548490
   39.04904905    0.04590752
   39.09909910    0.04644861
   39.14914915    0.04709626
   39.19919920    0.04783227
   39.24924925    0.04863510
   39.29929930    0.04948161
   39.34934935    0.05034763
   39.39939940    0.05120832
   39.44944945    0.05203983
   39.49949950    0.05282260
   39.54954955    0.05354424
   39.59959960    0.05419989
   39.64964965    0.05478983
   39.69969970    0.05531671
   39.74974975    0.05578417
   39.79979980    0.05619715
   39.84984985    0.05656237
   39.89989990    0.05688819
   39.94994995    0.05718346
   40.00000000    0.05745577
