# Final state angular momentum:   1
# Broadening parameter (in eV):    0.200
# Absorbing atom type (xiabs):   2
# Energy (eV)   sigma
  -10.00000000    0.00029060
   -9.94994995    0.00029156
   -9.89989990    0.00029254
   -9.84984985    0.00029352
   -9.79979980    0.00029450
   -9.74974975    0.00029549
   -9.69969970    0.00029649
   -9.64964965    0.00029750
   -9.59959960    0.00029851
   -9.54954955    0.00029953
   -9.49949950    0.00030055
   -9.44944945    0.00030159
   -9.39939940    0.00030263
   -9.34934935    0.00030368
   -9.29929930    0.00030473
   -9.24924925    0.00030579
   -9.19919920    0.00030686
   -9.14914915    0.00030794
   -9.09909910    0.00030902
   -9.04904905    0.00031012
   -8.99899900    0.00031122
   -8.94894895    0.00031232
   -8.89889890    0.00031344
   -8.84884885    0.00031456
   -8.79879880    0.00031570
   -8.74874875    0.00031684
   -8.69869870    0.00031798
   -8.64864865    0.00031914
   -8.59859860    0.00032030
   -8.54854855    0.00032148
   -8.49849850    0.00032266
   -8.44844845    0.00032385
   -8.39839840    0.00032505
   -8.34834835    0.00032626
   -8.29829830    0.00032747
   -8.24824825    0.00032870
   -8.19819820    0.00032994
   -8.14814815    0.00033118
   -8.09809810    0.00033244
   -8.04804805    0.00033370
   -7.99799800    0.00033497
   -7.94794795    0.00033625
   -7.89789790    0.00033755
   -7.84784785    0.00033885
   -7.79779780    0.00034016
   -7.74774775    0.00034148
   -7.69769770    0.00034282
   -7.64764765    0.00034416
   -7.59759760    0.00034551
   -7.54754755    0.00034688
   -7.49749750    0.00034825
   -7.44744745    0.00034964
   -7.39739740    0.00035103
   -7.34734735    0.00035244
   -7.29729730    0.00035386
   -7.24724725    0.00035529
   -7.19719720    0.00035673
   -7.14714715    0.00035819
   -7.09709710    0.00035965
   -7.04704705    0.00036113
   -6.99699700    0.00036262
   -6.94694695    0.00036412
   -6.89689690    0.00036563
   -6.84684685    0.00036716
   -6.79679680    0.00036870
   -6.74674675    0.00037025
   -6.69669670    0.00037182
   -6.64664665    0.00037339
   -6.59659660    0.00037498
   -6.54654655    0.00037659
   -6.49649650    0.00037821
   -6.44644645    0.00037984
   -6.39639640    0.00038148
   -6.34634635    0.00038314
   -6.29629630    0.00038482
   -6.24624625    0.00038651
   -6.19619620    0.00038821
   -6.14614615    0.00038993
   -6.09609610    0.00039166
   -6.04604605    0.00039341
   -5.99599600    0.00039518
   -5.94594595    0.00039695
   -5.89589590    0.00039875
   -5.84584585    0.00040056
   -5.79579580    0.00040239
   -5.74574575    0.00040423
   -5.69569570    0.00040610
   -5.64564565    0.00040797
   -5.59559560    0.00040987
   -5.54554555    0.00041178
   -5.49549550    0.00041371
   -5.44544545    0.00041566
   -5.39539540    0.00041763
   -5.34534535    0.00041961
   -5.29529530    0.00042161
   -5.24524525    0.00042364
   -5.19519520    0.00042568
   -5.14514515    0.00042774
   -5.09509510    0.00042982
   -5.04504505    0.00043192
   -4.99499499    0.00043404
   -4.94494494    0.00043618
   -4.89489489    0.00043834
   -4.84484484    0.00044052
   -4.79479479    0.00044273
   -4.74474474    0.00044495
   -4.69469469    0.00044720
   -4.64464464    0.00044947
   -4.59459459    0.00045177
   -4.54454454    0.00045408
   -4.49449449    0.00045642
   -4.44444444    0.00045879
   -4.39439439    0.00046117
   -4.34434434    0.00046359
   -4.29429429    0.00046602
   -4.24424424    0.00046848
   -4.19419419    0.00047097
   -4.14414414    0.00047349
   -4.09409409    0.00047603
   -4.04404404    0.00047859
   -3.99399399    0.00048119
   -3.94394394    0.00048381
   -3.89389389    0.00048646
   -3.84384384    0.00048914
   -3.79379379    0.00049185
   -3.74374374    0.00049459
   -3.69369369    0.00049735
   -3.64364364    0.00050015
   -3.59359359    0.00050298
   -3.54354354    0.00050584
   -3.49349349    0.00050873
   -3.44344344    0.00051166
   -3.39339339    0.00051462
   -3.34334334    0.00051761
   -3.29329329    0.00052064
   -3.24324324    0.00052370
   -3.19319319    0.00052680
   -3.14314314    0.00052993
   -3.09309309    0.00053310
   -3.04304304    0.00053631
   -2.99299299    0.00053955
   -2.94294294    0.00054284
   -2.89289289    0.00054616
   -2.84284284    0.00054953
   -2.79279279    0.00055293
   -2.74274274    0.00055638
   -2.69269269    0.00055987
   -2.64264264    0.00056341
   -2.59259259    0.00056699
   -2.54254254    0.00057061
   -2.49249249    0.00057428
   -2.44244244    0.00057800
   -2.39239239    0.00058177
   -2.34234234    0.00058558
   -2.29229229    0.00058945
   -2.24224224    0.00059336
   -2.19219219    0.00059733
   -2.14214214    0.00060136
   -2.09209209    0.00060544
   -2.04204204    0.00060957
   -1.99199199    0.00061376
   -1.94194194    0.00061802
   -1.89189189    0.00062233
   -1.84184184    0.00062670
   -1.79179179    0.00063114
   -1.74174174    0.00063564
   -1.69169169    0.00064021
   -1.64164164    0.00064485
   -1.59159159    0.00064957
   -1.54154154    0.00065435
   -1.49149149    0.00065921
   -1.44144144    0.00066415
   -1.39139139    0.00066918
   -1.34134134    0.00067428
   -1.29129129    0.00067948
   -1.24124124    0.00068476
   -1.19119119    0.00069015
   -1.14114114    0.00069563
   -1.09109109    0.00070122
   -1.04104104    0.00070692
   -0.99099099    0.00071274
   -0.94094094    0.00071869
   -0.89089089    0.00072477
   -0.84084084    0.00073100
   -0.79079079    0.00073740
   -0.74074074    0.00074397
   -0.69069069    0.00075074
   -0.64064064    0.00075774
   -0.59059059    0.00076499
   -0.54054054    0.00077255
   -0.49049049    0.00078047
   -0.44044044    0.00078882
   -0.39039039    0.00079771
   -0.34034034    0.00080729
   -0.29029029    0.00081777
   -0.24024024    0.00082941
   -0.19019019    0.00084257
   -0.14014014    0.00085766
   -0.09009009    0.00087476
   -0.04004004    0.00089369
    0.01001001    0.00091362
    0.06006006    0.00093201
    0.11011011    0.00094669
    0.16016016    0.00095890
    0.21021021    0.00096914
    0.26026026    0.00097819
    0.31031031    0.00098655
    0.36036036    0.00099448
    0.41041041    0.00100228
    0.46046046    0.00101038
    0.51051051    0.00101931
    0.56056056    0.00102953
    0.61061061    0.00104126
    0.66066066    0.00105443
    0.71071071    0.00106872
    0.76076076    0.00108367
    0.81081081    0.00109887
    0.86086086    0.00111407
    0.91091091    0.00112900
    0.96096096    0.00114338
    1.01101101    0.00115713
    1.06106106    0.00117047
    1.11111111    0.00118378
    1.16116116    0.00119753
    1.21121121    0.00121210
    1.26126126    0.00122750
    1.31131131    0.00124328
    1.36136136    0.00125862
    1.41141141    0.00127283
    1.46146146    0.00128595
    1.51151151    0.00129875
    1.56156156    0.00131228
    1.61161161    0.00132748
    1.66166166    0.00134501
    1.71171171    0.00136507
    1.76176176    0.00138731
    1.81181181    0.00141078
    1.86186186    0.00143424
    1.91191191    0.00145668
    1.96196196    0.00147751
    2.01201201    0.00149661
    2.06206206    0.00151451
    2.11211211    0.00153236
    2.16216216    0.00155136
    2.21221221    0.00157222
    2.26226226    0.00159515
    2.31231231    0.00162012
    2.36236236    0.00164702
    2.41241241    0.00167551
    2.46246246    0.00170497
    2.51251251    0.00173476
    2.56256256    0.00176460
    2.61261261    0.00179476
    2.66266266    0.00182596
    2.71271271    0.00185906
    2.76276276    0.00189471
    2.81281281    0.00193314
    2.86286286    0.00197383
    2.91291291    0.00201555
    2.96296296    0.00205715
    3.01301301    0.00209815
    3.06306306    0.00213846
    3.11311311    0.00217794
    3.16316316    0.00221709
    3.21321321    0.00225813
    3.26326326    0.00230448
    3.31331331    0.00235925
    3.36336336    0.00242437
    3.41341341    0.00250068
    3.46346346    0.00258800
    3.51351351    0.00268482
    3.56356356    0.00278821
    3.61361361    0.00289440
    3.66366366    0.00299968
    3.71371371    0.00310047
    3.76376376    0.00319337
    3.81381381    0.00327713
    3.86386386    0.00335449
    3.91391391    0.00343036
    3.96396396    0.00350794
    4.01401401    0.00358690
    4.06406406    0.00366460
    4.11411411    0.00373844
    4.16416416    0.00380743
    4.21421421    0.00387276
    4.26426426    0.00393780
    4.31431431    0.00400662
    4.36436436    0.00408227
    4.41441441    0.00416621
    4.46446446    0.00425847
    4.51451451    0.00435778
    4.56456456    0.00446241
    4.61461461    0.00457135
    4.66466466    0.00468477
    4.71471471    0.00480336
    4.76476476    0.00492771
    4.81481481    0.00505854
    4.86486486    0.00519719
    4.91491491    0.00534558
    4.96496496    0.00550546
    5.01501502    0.00567735
    5.06506507    0.00585987
    5.11511512    0.00605034
    5.16516517    0.00624736
    5.21521522    0.00645377
    5.26526527    0.00667651
    5.31531532    0.00692318
    5.36536537    0.00719906
    5.41541542    0.00750637
    5.46546547    0.00784535
    5.51551552    0.00821548
    5.56556557    0.00861611
    5.61561562    0.00904605
    5.66566567    0.00950357
    5.71571572    0.00998712
    5.76576577    0.01049593
    5.81581582    0.01103060
    5.86586587    0.01159359
    5.91591592    0.01218950
    5.96596597    0.01282422
    6.01601602    0.01350280
    6.06606607    0.01422768
    6.11611612    0.01500129
    6.16616617    0.01583262
    6.21621622    0.01674335
    6.26626627    0.01776948
    6.31631632    0.01895777
    6.36636637    0.02036105
    6.41641642    0.02203647
    6.46646647    0.02404653
    6.51651652    0.02646015
    6.56656657    0.02935081
    6.61661662    0.03279044
    6.66666667    0.03684183
    6.71671672    0.04155648
    6.76676677    0.04698725
    6.81681682    0.05322462
    6.86686687    0.06045316
    6.91691692    0.06898976
    6.96696697    0.07924033
    7.01701702    0.09152970
    7.06706707    0.10579067
    7.11711712    0.12117312
    7.16716717    0.13586587
    7.21721722    0.14763151
    7.26726727    0.15505369
    7.31731732    0.15840966
    7.36736737    0.15928997
    7.41741742    0.15958117
    7.46746747    0.16076011
    7.51751752    0.16366983
    7.56756757    0.16846555
    7.61761762    0.17447917
    7.66766767    0.18009029
    7.71771772    0.18306054
    7.76776777    0.18163395
    7.81781782    0.17567555
    7.86786787    0.16662716
    7.91791792    0.15642895
    7.96796797    0.14656458
    8.01801802    0.13770907
    8.06806807    0.12979844
    8.11811812    0.12230518
    8.16816817    0.11463024
    8.21821822    0.10650855
    8.26826827    0.09819173
    8.31831832    0.09025350
    8.36836837    0.08323477
    8.41841842    0.07744946
    8.46846847    0.07299013
    8.51851852    0.06980864
    8.56856857    0.06778879
    8.61861862    0.06678530
    8.66866867    0.06662560
    8.71871872    0.06709606
    8.76876877    0.06796616
    8.81881882    0.06906812
    8.86886887    0.07033653
    8.91891892    0.07173051
    8.96896897    0.07316362
    9.01901902    0.07458001
    9.06906907    0.07606368
    9.11911912    0.07777892
    9.16916917    0.07977986
    9.21921922    0.08190683
    9.26926927    0.08386346
    9.31931932    0.08533128
    9.36936937    0.08601720
    9.41941942    0.08574127
    9.46946947    0.08456778
    9.51951952    0.08284455
    9.56956957    0.08109379
    9.61961962    0.07983039
    9.66966967    0.07940106
    9.71971972    0.07985248
    9.76976977    0.08085539
    9.81981982    0.08179860
    9.86986987    0.08213177
    9.91991992    0.08173712
    9.96996997    0.08095410
   10.02002002    0.08026876
   10.07007007    0.08000845
   10.12012012    0.08021798
   10.17017017    0.08068371
   10.22022022    0.08106790
   10.27027027    0.08111116
   10.32032032    0.08077042
   10.37037037    0.08019612
   10.42042042    0.07961708
   10.47047047    0.07923367
   10.52052052    0.07914178
   10.57057057    0.07931035
   10.62062062    0.07965765
   10.67067067    0.08017619
   10.72072072    0.08097520
   10.77077077    0.08220722
   10.82082082    0.08394646
   10.87087087    0.08607082
   10.92092092    0.08825199
   10.97097097    0.09014728
   11.02102102    0.09161234
   11.07107107    0.09269142
   11.12112112    0.09351623
   11.17117117    0.09425754
   11.22122122    0.09502505
   11.27127127    0.09579677
   11.32132132    0.09648791
   11.37137137    0.09704608
   11.42142142    0.09748784
   11.47147147    0.09787793
   11.52152152    0.09827392
   11.57157157    0.09871056
   11.62162162    0.09922766
   11.67167167    0.09985734
   11.72172172    0.10057872
   11.77177177    0.10131986
   11.82182182    0.10202654
   11.87187187    0.10272386
   11.92192192    0.10347881
   11.97197197    0.10431636
   12.02202202    0.10521125
   12.07207207    0.10615199
   12.12212212    0.10719228
   12.17217217    0.10843413
   12.22222222    0.10994528
   12.27227227    0.11166906
   12.32232232    0.11339780
   12.37237237    0.11482409
   12.42242242    0.11562104
   12.47247247    0.11553444
   12.52252252    0.11450048
   12.57257257    0.11268987
   12.62262262    0.11038532
   12.67267267    0.10782936
   12.72272272    0.10521210
   12.77277277    0.10271862
   12.82282282    0.10050106
   12.87287287    0.09863103
   12.92292292    0.09708972
   12.97297297    0.09575772
   13.02302302    0.09442563
   13.07307307    0.09288877
   13.12312312    0.09107845
   13.17317317    0.08909858
   13.22322322    0.08713632
   13.27327327    0.08535297
   13.32332332    0.08384702
   13.37337337    0.08267298
   13.42342342    0.08185108
   13.47347347    0.08135166
   13.52352352    0.08108422
   13.57357357    0.08091008
   13.62362362    0.08067776
   13.67367367    0.08026661
   13.72372372    0.07961657
   13.77377377    0.07873880
   13.82382382    0.07771977
   13.87387387    0.07671034
   13.92392392    0.07587878
   13.97397397    0.07534769
   14.02402402    0.07516116
   14.07407407    0.07529414
   14.12412412    0.07568306
   14.17417417    0.07625446
   14.22422422    0.07693880
   14.27427427    0.07767489
   14.32432432    0.07841515
   14.37437437    0.07911850
   14.42442442    0.07971808
   14.47447447    0.08009108
   14.52452452    0.08008763
   14.57457457    0.07963385
   14.62462462    0.07881621
   14.67467467    0.07784449
   14.72472472    0.07693786
   14.77477477    0.07624635
   14.82482482    0.07583669
   14.87487487    0.07570645
   14.92492492    0.07580349
   14.97497497    0.07605824
   15.02502503    0.07642979
   15.07507508    0.07693295
   15.12512513    0.07761135
   15.17517518    0.07846815
   15.22522523    0.07941306
   15.27527528    0.08027799
   15.32532533    0.08089669
   15.37537538    0.08118671
   15.42542543    0.08118079
   15.47547548    0.08101201
   15.52552553    0.08088145
   15.57557558    0.08101784
   15.62562563    0.08162885
   15.67567568    0.08285225
   15.72572573    0.08471751
   15.77577578    0.08712070
   15.82582583    0.08981551
   15.87587588    0.09243824
   15.92592593    0.09458934
   15.97597598    0.09594893
   16.02602603    0.09635547
   16.07607608    0.09580998
   16.12612613    0.09443315
   16.17617618    0.09241533
   16.22622623    0.08997978
   16.27627628    0.08735591
   16.32632633    0.08475037
   16.37637638    0.08231743
   16.42642643    0.08014184
   16.47647648    0.07824310
   16.52652653    0.07659671
   16.57657658    0.07515912
   16.62662663    0.07388486
   16.67667668    0.07273458
   16.72672673    0.07167896
   16.77677678    0.07070205
   16.82682683    0.06980447
   16.87687688    0.06900542
   16.92692693    0.06834129
   16.97697698    0.06785652
   17.02702703    0.06758517
   17.07707708    0.06752872
   17.12712713    0.06764027
   17.17717718    0.06782509
   17.22722723    0.06796554
   17.27727728    0.06796811
   17.32732733    0.06780985
   17.37737738    0.06755175
   17.42742743    0.06730848
   17.47747748    0.06719767
   17.52752753    0.06730190
   17.57757758    0.06765813
   17.62762763    0.06826720
   17.67767768    0.06910715
   17.72772773    0.07013894
   17.77777778    0.07130396
   17.82782783    0.07252172
   17.87787788    0.07369778
   17.92792793    0.07474636
   17.97797798    0.07562145
   18.02802803    0.07634146
   18.07807808    0.07699255
   18.12812813    0.07770550
   18.17817818    0.07861459
   18.22822823    0.07981629
   18.27827828    0.08134534
   18.32832833    0.08317381
   18.37837838    0.08522205
   18.42842843    0.08736642
   18.47847848    0.08944132
   18.52852853    0.09124864
   18.57857858    0.09258839
   18.62862863    0.09330949
   18.67867868    0.09335903
   18.72872873    0.09280119
   18.77877878    0.09179313
   18.82882883    0.09053372
   18.87887888    0.08921396
   18.92892893    0.08798728
   18.97897898    0.08696094
   19.02902903    0.08620028
   19.07907908    0.08573838
   19.12912913    0.08558627
   19.17917918    0.08574134
   19.22922923    0.08619084
   19.27927928    0.08690643
   19.32932933    0.08782701
   19.37937938    0.08883480
   19.42942943    0.08973755
   19.47947948    0.09027644
   19.52952953    0.09018878
   19.57957958    0.08932288
   19.62962963    0.08771700
   19.67967968    0.08556282
   19.72972973    0.08310532
   19.77977978    0.08056742
   19.82982983    0.07811987
   19.87987988    0.07587905
   19.92992993    0.07391662
   19.97997998    0.07226993
   20.03003003    0.07094697
   20.08008008    0.06992669
   20.13013013    0.06915758
   20.18018018    0.06855768
   20.23023023    0.06801984
   20.28028028    0.06742637
   20.33033033    0.06667275
   20.38038038    0.06569286
   20.43043043    0.06447575
   20.48048048    0.06306671
   20.53053053    0.06155190
   20.58058058    0.06003486
   20.63063063    0.05861624
   20.68068068    0.05738278
   20.73073073    0.05640198
   20.78078078    0.05571632
   20.83083083    0.05533569
   20.88088088    0.05523284
   20.93093093    0.05534855
   20.98098098    0.05560912
   21.03103103    0.05594868
   21.08108108    0.05632136
   21.13113113    0.05669742
   21.18118118    0.05705390
   21.23123123    0.05737159
   21.28128128    0.05763790
   21.33133133    0.05784974
   21.38138138    0.05801424
   21.43143143    0.05814746
   21.48148148    0.05827043
   21.53153153    0.05840274
   21.58158158    0.05855532
   21.63163163    0.05872483
   21.68168168    0.05889175
   21.73173173    0.05902457
   21.78178178    0.05909152
   21.83183183    0.05907505
   21.88188188    0.05897903
   21.93193193    0.05882490
   21.98198198    0.05864356
   22.03203203    0.05847033
   22.08208208    0.05834273
   22.13213213    0.05829754
   22.18218218    0.05836580
   22.23223223    0.05856587
   22.28228228    0.05889686
   22.33233233    0.05933606
   22.38238238    0.05984335
   22.43243243    0.06037222
   22.48248248    0.06088364
   22.53253253    0.06135666
   22.58258258    0.06179089
   22.63263263    0.06220035
   22.68268268    0.06260244
   22.73273273    0.06300679
   22.78278278    0.06340663
   22.83283283    0.06377484
   22.88288288    0.06406767
   22.93293293    0.06423723
   22.98298298    0.06424790
   23.03303303    0.06408749
   23.08308308    0.06376911
   23.13313313    0.06332562
   23.18318318    0.06280079
   23.23323323    0.06224000
   23.28328328    0.06168353
   23.33333333    0.06116585
   23.38338338    0.06072030
   23.43343343    0.06038368
   23.48348348    0.06019509
   23.53353353    0.06018908
   23.58358358    0.06038701
   23.63363363    0.06078874
   23.68368368    0.06136423
   23.73373373    0.06204617
   23.78378378    0.06272756
   23.83383383    0.06326895
   23.88388388    0.06352196
   23.93393393    0.06336954
   23.98398398    0.06276423
   24.03403403    0.06174039
   24.08408408    0.06040163
   24.13413413    0.05889659
   24.18418418    0.05738672
   24.23423423    0.05601156
   24.28428428    0.05486388
   24.33433433    0.05398205
   24.38438438    0.05335712
   24.43443443    0.05294714
   24.48448448    0.05269145
   24.53453453    0.05251961
   24.58458458    0.05235314
   24.63463463    0.05210420
   24.68468468    0.05168229
   24.73473473    0.05101642
   24.78478478    0.05008272
   24.83483483    0.04891495
   24.88488488    0.04759028
   24.93493493    0.04620353
   24.98498498    0.04484547
   25.03503504    0.04358941
   25.08508509    0.04248360
   25.13513514    0.04154833
   25.18518519    0.04077811
   25.23523524    0.04014839
   25.28528529    0.03962476
   25.33533534    0.03917232
   25.38538539    0.03876300
   25.43543544    0.03837928
   25.48548549    0.03801415
   25.53553554    0.03766914
   25.58558559    0.03735287
   25.63563564    0.03708009
   25.68568569    0.03686981
   25.73573574    0.03674107
   25.78578579    0.03670679
   25.83583584    0.03676685
   25.88588589    0.03690245
   25.93593594    0.03707594
   25.98598599    0.03723951
   26.03603604    0.03735004
   26.08608609    0.03738075
   26.13613614    0.03732325
   26.18618619    0.03718225
   26.23623624    0.03696909
   26.28628629    0.03669767
   26.33633634    0.03638305
   26.38638639    0.03604053
   26.43643644    0.03568336
   26.48648649    0.03531858
   26.53653654    0.03494248
   26.58658659    0.03453934
   26.63663664    0.03408696
   26.68668669    0.03356841
   26.73673674    0.03298389
   26.78678679    0.03235472
   26.83683684    0.03171682
   26.88688689    0.03110899
   26.93693694    0.03056333
   26.98698699    0.03010020
   27.03703704    0.02972622
   27.08708709    0.02943436
   27.13713714    0.02920632
   27.18718719    0.02901699
   27.23723724    0.02883944
   27.28728729    0.02864947
   27.33733734    0.02842897
   27.38738739    0.02816721
   27.43743744    0.02785964
   27.48748749    0.02750568
   27.53753754    0.02710736
   27.58758759    0.02667002
   27.63763764    0.02620458
   27.68768769    0.02572960
   27.73773774    0.02527012
   27.78778779    0.02485207
   27.83783784    0.02449450
   27.88788789    0.02420378
   27.93793794    0.02397208
   27.98798799    0.02377976
   28.03803804    0.02359896
   28.08808809    0.02339721
   28.13813814    0.02314128
   28.18818819    0.02280258
   28.23823824    0.02236358
   28.28828829    0.02182273
   28.33833834    0.02119519
   28.38838839    0.02050900
   28.43843844    0.01979820
   28.48848849    0.01909569
   28.53853854    0.01842842
   28.58858859    0.01781555
   28.63863864    0.01726908
   28.68868869    0.01679523
   28.73873874    0.01639565
   28.78878879    0.01606812
   28.83883884    0.01580728
   28.88888889    0.01560589
   28.93893894    0.01545626
   28.98898899    0.01535054
   29.03903904    0.01527955
   29.08908909    0.01523132
   29.13913914    0.01519194
   29.18918919    0.01514904
   29.23923924    0.01509614
   29.28928929    0.01503468
   29.33933934    0.01497199
   29.38938939    0.01491657
   29.43943944    0.01487340
   29.48948949    0.01484144
   29.53953954    0.01481404
   29.58958959    0.01478149
   29.63963964    0.01473403
   29.68968969    0.01466404
   29.73973974    0.01456715
   29.78978979    0.01444246
   29.83983984    0.01429269
   29.88988989    0.01412414
   29.93993994    0.01394604
   29.98998999    0.01376923
   30.04004004    0.01360466
   30.09009009    0.01346230
   30.14014014    0.01335056
   30.19019019    0.01327566
   30.24024024    0.01324061
   30.29029029    0.01324409
   30.34034034    0.01327959
   30.39039039    0.01333577
   30.44044044    0.01339793
   30.49049049    0.01345046
   30.54054054    0.01347946
   30.59059059    0.01347529
   30.64064064    0.01343426
   30.69069069    0.01335857
   30.74074074    0.01325411
   30.79079079    0.01312755
   30.84084084    0.01298433
   30.89089089    0.01282907
   30.94094094    0.01266780
   30.99099099    0.01251006
   31.04104104    0.01236869
   31.09109109    0.01225706
   31.14114114    0.01218558
   31.19119119    0.01215937
   31.24124124    0.01217806
   31.29129129    0.01223712
   31.34134134    0.01232989
   31.39139139    0.01244938
   31.44144144    0.01258942
   31.49149149    0.01274492
   31.54154154    0.01291143
   31.59159159    0.01308443
   31.64164164    0.01325892
   31.69169169    0.01342967
   31.74174174    0.01359177
   31.79179179    0.01374101
   31.84184184    0.01387351
   31.89189189    0.01398512
   31.94194194    0.01407093
   31.99199199    0.01412593
   32.04204204    0.01414676
   32.09209209    0.01413424
   32.14214214    0.01409491
   32.19219219    0.01404002
   32.24224224    0.01398271
   32.29229229    0.01393513
   32.34234234    0.01390706
   32.39239239    0.01390569
   32.44244244    0.01393575
   32.49249249    0.01399945
   32.54254254    0.01409578
   32.59259259    0.01421954
   32.64264264    0.01436113
   32.69269269    0.01450770
   32.74274274    0.01464579
   32.79279279    0.01476427
   32.84284284    0.01485607
   32.89289289    0.01491822
   32.94294294    0.01495061
   32.99299299    0.01495486
   33.04304304    0.01493401
   33.09309309    0.01489258
   33.14314314    0.01483666
   33.19319319    0.01477332
   33.24324324    0.01470985
   33.29329329    0.01465282
   33.34334334    0.01460754
   33.39339339    0.01457779
   33.44344344    0.01456606
   33.49349349    0.01457382
   33.54354354    0.01460180
   33.59359359    0.01464976
   33.64364364    0.01471597
   33.69369369    0.01479665
   33.74374374    0.01488620
   33.79379379    0.01497836
   33.84384384    0.01506786
   33.89389389    0.01515148
   33.94394394    0.01522825
   33.99399399    0.01529916
   34.04404404    0.01536720
   34.09409409    0.01543770
   34.14414414    0.01551811
   34.19419419    0.01561643
   34.24424424    0.01573904
   34.29429429    0.01588914
   34.34434434    0.01606648
   34.39439439    0.01626836
   34.44444444    0.01649110
   34.49449449    0.01673117
   34.54454454    0.01698540
   34.59459459    0.01725039
   34.64464464    0.01752153
   34.69469469    0.01779221
   34.74474474    0.01805382
   34.79479479    0.01829723
   34.84484484    0.01851568
   34.89489489    0.01870791
   34.94494494    0.01887996
   34.99499499    0.01904421
   35.04504505    0.01921638
   35.09509510    0.01941168
   35.14514515    0.01964163
   35.19519520    0.01991258
   35.24524525    0.02022568
   35.29529530    0.02057789
   35.34534535    0.02096325
   35.39539540    0.02137415
   35.44544545    0.02180203
   35.49549550    0.02223757
   35.54554555    0.02267031
   35.59559560    0.02308821
   35.64564565    0.02347772
   35.69569570    0.02382479
   35.74574575    0.02411701
   35.79579580    0.02434649
   35.84584585    0.02451259
   35.89589590    0.02462317
   35.94594595    0.02469323
   35.99599600    0.02474142
   36.04604605    0.02478633
   36.09609610    0.02484459
   36.14614615    0.02493099
   36.19619620    0.02505921
   36.24624625    0.02524159
   36.29629630    0.02548738
   36.34634635    0.02580031
   36.39639640    0.02617715
   36.44644645    0.02660830
   36.49649650    0.02708018
   36.54654655    0.02757802
   36.59659660    0.02808816
   36.64664665    0.02859976
   36.69669670    0.02910624
   36.74674675    0.02960622
   36.79679680    0.03010317
   36.84684685    0.03060292
   36.89689690    0.03110944
   36.94694695    0.03162067
   36.99699700    0.03212707
   37.04704705    0.03261404
   37.09709710    0.03306684
   37.14714715    0.03347535
   37.19719720    0.03383708
   37.24724725    0.03415769
   37.29729730    0.03444942
   37.34734735    0.03472779
   37.39739740    0.03500795
   37.44744745    0.03530246
   37.49749750    0.03562150
   37.54754755    0.03597469
   37.59759760    0.03637327
   37.64764765    0.03683090
   37.69769770    0.03736233
   37.74774775    0.03797987
   37.79779780    0.03868843
   37.84784785    0.03948025
   37.89789790    0.04033126
   37.94794795    0.04120133
   37.99799800    0.04204006
   38.04804805    0.04279758
   38.09809810    0.04343576
   38.14814815    0.04393441
   38.19819820    0.04429009
   38.24824825    0.04451096
   38.29829830    0.04461266
   38.34834835    0.04461705
   38.39839840    0.04455268
   38.44844845    0.04445446
   38.49849850    0.04436116
   38.54854855    0.04431073
   38.59859860    0.04433514
   38.64864865    0.04445623
   38.69869870    0.04468343
   38.74874875    0.04501357
   38.79879880    0.04543242
   38.84884885    0.04591796
   38.89889890    0.04644470
   38.94894895    0.04698841
   38.99899900    0.04753001
   39.04904905    0.04805779
   39.09909910    0.04856823
   39.14914915    0.04906624
   39.19919920    0.04956487
   39.24924925    0.05008359
   39.29929930    0.05064455
   39.34934935    0.05126740
   39.39939940    0.05196468
   39.44944945    0.05273924
   39.49949950    0.05358419
   39.54954955    0.05448458
   39.59959960    0.05542024
   39.64964965    0.05636871
   39.69969970    0.05730798
   39.74974975    0.05821807
   39.79979980    0.05908102
   39.84984985    0.05987910
   39.89989990    0.06059237
   39.94994995    0.06119828
   40.00000000    0.06167502
