# Final state angular momentum:   1
# Broadening parameter (in eV):    0.200
# Absorbing atom type (xiabs):   2
# Energy (eV)   sigma
  -10.00000000    0.00036831
   -9.94994995    0.00037029
   -9.89989990    0.00037230
   -9.84984985    0.00037433
   -9.79979980    0.00037638
   -9.74974975    0.00037846
   -9.69969970    0.00038056
   -9.64964965    0.00038269
   -9.59959960    0.00038484
   -9.54954955    0.00038702
   -9.49949950    0.00038922
   -9.44944945    0.00039145
   -9.39939940    0.00039371
   -9.34934935    0.00039600
   -9.29929930    0.00039831
   -9.24924925    0.00040065
   -9.19919920    0.00040302
   -9.14914915    0.00040542
   -9.09909910    0.00040785
   -9.04904905    0.00041031
   -8.99899900    0.00041280
   -8.94894895    0.00041532
   -8.89889890    0.00041788
   -8.84884885    0.00042046
   -8.79879880    0.00042309
   -8.74874875    0.00042574
   -8.69869870    0.00042843
   -8.64864865    0.00043116
   -8.59859860    0.00043392
   -8.54854855    0.00043672
   -8.49849850    0.00043955
   -8.44844845    0.00044243
   -8.39839840    0.00044534
   -8.34834835    0.00044830
   -8.29829830    0.00045129
   -8.24824825    0.00045432
   -8.19819820    0.00045740
   -8.14814815    0.00046052
   -8.09809810    0.00046369
   -8.04804805    0.00046690
   -7.99799800    0.00047016
   -7.94794795    0.00047346
   -7.89789790    0.00047681
   -7.84784785    0.00048021
   -7.79779780    0.00048366
   -7.74774775    0.00048716
   -7.69769770    0.00049071
   -7.64764765    0.00049432
   -7.59759760    0.00049798
   -7.54754755    0.00050169
   -7.49749750    0.00050547
   -7.44744745    0.00050930
   -7.39739740    0.00051319
   -7.34734735    0.00051714
   -7.29729730    0.00052115
   -7.24724725    0.00052523
   -7.19719720    0.00052937
   -7.14714715    0.00053358
   -7.09709710    0.00053785
   -7.04704705    0.00054220
   -6.99699700    0.00054661
   -6.94694695    0.00055110
   -6.89689690    0.00055567
   -6.84684685    0.00056031
   -6.79679680    0.00056503
   -6.74674675    0.00056983
   -6.69669670    0.00057471
   -6.64664665    0.00057967
   -6.59659660    0.00058473
   -6.54654655    0.00058987
   -6.49649650    0.00059510
   -6.44644645    0.00060042
   -6.39639640    0.00060584
   -6.34634635    0.00061136
   -6.29629630    0.00061698
   -6.24624625    0.00062270
   -6.19619620    0.00062853
   -6.14614615    0.00063447
   -6.09609610    0.00064052
   -6.04604605    0.00064669
   -5.99599600    0.00065297
   -5.94594595    0.00065937
   -5.89589590    0.00066590
   -5.84584585    0.00067256
   -5.79579580    0.00067935
   -5.74574575    0.00068627
   -5.69569570    0.00069333
   -5.64564565    0.00070054
   -5.59559560    0.00070790
   -5.54554555    0.00071540
   -5.49549550    0.00072307
   -5.44544545    0.00073089
   -5.39539540    0.00073889
   -5.34534535    0.00074705
   -5.29529530    0.00075539
   -5.24524525    0.00076391
   -5.19519520    0.00077263
   -5.14514515    0.00078153
   -5.09509510    0.00079064
   -5.04504505    0.00079995
   -4.99499499    0.00080947
   -4.94494494    0.00081922
   -4.89489489    0.00082919
   -4.84484484    0.00083940
   -4.79479479    0.00084986
   -4.74474474    0.00086056
   -4.69469469    0.00087153
   -4.64464464    0.00088277
   -4.59459459    0.00089428
   -4.54454454    0.00090609
   -4.49449449    0.00091819
   -4.44444444    0.00093061
   -4.39439439    0.00094335
   -4.34434434    0.00095642
   -4.29429429    0.00096984
   -4.24424424    0.00098362
   -4.19419419    0.00099777
   -4.14414414    0.00101232
   -4.09409409    0.00102726
   -4.04404404    0.00104263
   -3.99399399    0.00105844
   -3.94394394    0.00107470
   -3.89389389    0.00109143
   -3.84384384    0.00110866
   -3.79379379    0.00112640
   -3.74374374    0.00114468
   -3.69369369    0.00116352
   -3.64364364    0.00118294
   -3.59359359    0.00120298
   -3.54354354    0.00122365
   -3.49349349    0.00124499
   -3.44344344    0.00126703
   -3.39339339    0.00128980
   -3.34334334    0.00131334
   -3.29329329    0.00133768
   -3.24324324    0.00136286
   -3.19319319    0.00138893
   -3.14314314    0.00141593
   -3.09309309    0.00144390
   -3.04304304    0.00147291
   -2.99299299    0.00150299
   -2.94294294    0.00153422
   -2.89289289    0.00156664
   -2.84284284    0.00160034
   -2.79279279    0.00163537
   -2.74274274    0.00167182
   -2.69269269    0.00170977
   -2.64264264    0.00174931
   -2.59259259    0.00179053
   -2.54254254    0.00183353
   -2.49249249    0.00187843
   -2.44244244    0.00192535
   -2.39239239    0.00197442
   -2.34234234    0.00202578
   -2.29229229    0.00207958
   -2.24224224    0.00213599
   -2.19219219    0.00219520
   -2.14214214    0.00225740
   -2.09209209    0.00232281
   -2.04204204    0.00239167
   -1.99199199    0.00246424
   -1.94194194    0.00254082
   -1.89189189    0.00262172
   -1.84184184    0.00270729
   -1.79179179    0.00279793
   -1.74174174    0.00289407
   -1.69169169    0.00299619
   -1.64164164    0.00310483
   -1.59159159    0.00322061
   -1.54154154    0.00334419
   -1.49149149    0.00347635
   -1.44144144    0.00361794
   -1.39139139    0.00376996
   -1.34134134    0.00393353
   -1.29129129    0.00410992
   -1.24124124    0.00430061
   -1.19119119    0.00450730
   -1.14114114    0.00473196
   -1.09109109    0.00497689
   -1.04104104    0.00524479
   -0.99099099    0.00553884
   -0.94094094    0.00586283
   -0.89089089    0.00622129
   -0.84084084    0.00661967
   -0.79079079    0.00706464
   -0.74074074    0.00756435
   -0.69069069    0.00812893
   -0.64064064    0.00877111
   -0.59059059    0.00950701
   -0.54054054    0.01035741
   -0.49049049    0.01134940
   -0.44044044    0.01251883
   -0.39039039    0.01391385
   -0.34034034    0.01559993
   -0.29029029    0.01766677
   -0.24024024    0.02023693
   -0.19019019    0.02347305
   -0.14014014    0.02757284
   -0.09009009    0.03263061
   -0.04004004    0.03876949
    0.01001001    0.04602688
    0.06006006    0.05363062
    0.11011011    0.06086834
    0.16016016    0.06770980
    0.21021021    0.07417237
    0.26026026    0.08054568
    0.31031031    0.08728570
    0.36036036    0.09489844
    0.41041041    0.10376069
    0.46046046    0.11401568
    0.51051051    0.12555242
    0.56056056    0.13783866
    0.61061061    0.14942325
    0.66066066    0.15757105
    0.71071071    0.15914971
    0.76076076    0.15290758
    0.81081081    0.14087515
    0.86086086    0.12687408
    0.91091091    0.11395182
    0.96096096    0.10339547
    1.01101101    0.09523451
    1.06106106    0.08898656
    1.11111111    0.08409494
    1.16116116    0.08008961
    1.21121121    0.07661394
    1.26126126    0.07343828
    1.31131131    0.07050147
    1.36136136    0.06791554
    1.41141141    0.06586395
    1.46146146    0.06443185
    1.51151151    0.06348881
    1.56156156    0.06272862
    1.61161161    0.06184589
    1.66166166    0.06072780
    1.71171171    0.05952352
    1.76176176    0.05854042
    1.81181181    0.05807901
    1.86186186    0.05833545
    1.91191191    0.05937625
    1.96196196    0.06112883
    2.01201201    0.06337561
    2.06206206    0.06580573
    2.11211211    0.06812130
    2.16216216    0.07006017
    2.21221221    0.07135649
    2.26226226    0.07182665
    2.31231231    0.07145668
    2.36236236    0.07033292
    2.41241241    0.06859314
    2.46246246    0.06645753
    2.51251251    0.06423326
    2.56256256    0.06225809
    2.61261261    0.06080187
    2.66266266    0.06000166
    2.71271271    0.05986441
    2.76276276    0.06028867
    2.81281281    0.06109153
    2.86286286    0.06204650
    2.91291291    0.06287835
    2.96296296    0.06326641
    3.01301301    0.06296053
    3.06306306    0.06188362
    3.11311311    0.06013364
    3.16316316    0.05794844
    3.21321321    0.05565628
    3.26326326    0.05360844
    3.31331331    0.05209475
    3.36336336    0.05126578
    3.41341341    0.05108846
    3.46346346    0.05135748
    3.51351351    0.05176981
    3.56356356    0.05201963
    3.61361361    0.05189804
    3.66366366    0.05138945
    3.71371371    0.05065563
    3.76376376    0.04992019
    3.81381381    0.04936194
    3.86386386    0.04905402
    3.91391391    0.04895871
    3.96396396    0.04895840
    4.01401401    0.04888067
    4.06406406    0.04852252
    4.11411411    0.04771630
    4.16416416    0.04643516
    4.21421421    0.04484151
    4.26426426    0.04320342
    4.31431431    0.04176302
    4.36436436    0.04067538
    4.41441441    0.04002086
    4.46446446    0.03981749
    4.51451451    0.04000236
    4.56456456    0.04042695
    4.61461461    0.04090271
    4.66466466    0.04128763
    4.71471471    0.04155632
    4.76476476    0.04176579
    4.81481481    0.04195323
    4.86486486    0.04209149
    4.91491491    0.04210348
    4.96496496    0.04187592
    5.01501502    0.04130312
    5.06506507    0.04036882
    5.11511512    0.03917629
    5.16516517    0.03790671
    5.21521522    0.03676183
    5.26526527    0.03591119
    5.31531532    0.03545383
    5.36536537    0.03540865
    5.41541542    0.03573106
    5.46546547    0.03634003
    5.51551552    0.03713483
    5.56556557    0.03799993
    5.61561562    0.03881854
    5.66566567    0.03948512
    5.71571572    0.03989727
    5.76576577    0.03995975
    5.81581582    0.03962167
    5.86586587    0.03890197
    5.91591592    0.03787743
    5.96596597    0.03666012
    6.01601602    0.03538030
    6.06606607    0.03416043
    6.11611612    0.03308744
    6.16616617    0.03220430
    6.21621622    0.03151973
    6.26626627    0.03102345
    6.31631632    0.03069185
    6.36636637    0.03049149
    6.41641642    0.03040400
    6.46646647    0.03044918
    6.51651652    0.03066559
    6.56656657    0.03107518
    6.61661662    0.03167046
    6.66666667    0.03241528
    6.71671672    0.03324713
    6.76676677    0.03408877
    6.81681682    0.03486493
    6.86686687    0.03550823
    6.91691692    0.03596305
    6.96696697    0.03620590
    7.01701702    0.03627564
    7.06706707    0.03628068
    7.11711712    0.03635631
    7.16716717    0.03659652
    7.21721722    0.03701642
    7.26726727    0.03756888
    7.31731732    0.03818755
    7.36736737    0.03881270
    7.41741742    0.03939433
    7.46746747    0.03989065
    7.51751752    0.04026487
    7.56756757    0.04048999
    7.61761762    0.04056444
    7.66766767    0.04051396
    7.71771772    0.04037582
    7.76776777    0.04019658
    7.81781782    0.04004518
    7.86786787    0.03999786
    7.91791792    0.04009472
    7.96796797    0.04031566
    8.01801802    0.04058934
    8.06806807    0.04081668
    8.11811812    0.04090143
    8.16816817    0.04078531
    8.21821822    0.04047153
    8.26826827    0.04002881
    8.31831832    0.03957229
    8.36836837    0.03920695
    8.41841842    0.03897229
    8.46846847    0.03884686
    8.51851852    0.03879665
    8.56856857    0.03881375
    8.61861862    0.03891166
    8.66866867    0.03908467
    8.71871872    0.03927852
    8.76876877    0.03941281
    8.81881882    0.03943463
    8.86886887    0.03933654
    8.91891892    0.03911488
    8.96896897    0.03873853
    9.01901902    0.03819917
    9.06906907    0.03758150
    9.11911912    0.03702516
    9.16916917    0.03661197
    9.21921922    0.03633223
    9.26926927    0.03614902
    9.31931932    0.03604962
    9.36936937    0.03602124
    9.41941942    0.03600912
    9.46946947    0.03593039
    9.51951952    0.03571873
    9.56956957    0.03534771
    9.61961962    0.03482949
    9.66966967    0.03420287
    9.71971972    0.03352888
    9.76976977    0.03289004
    9.81981982    0.03237584
    9.86986987    0.03205848
    9.91991992    0.03196828
    9.96996997    0.03208307
   10.02002002    0.03234575
   10.07007007    0.03268318
   10.12012012    0.03300291
   10.17017017    0.03319931
   10.22022022    0.03318169
   10.27027027    0.03289719
   10.32032032    0.03234158
   10.37037037    0.03155632
   10.42042042    0.03061143
   10.47047047    0.02958979
   10.52052052    0.02856896
   10.57057057    0.02759569
   10.62062062    0.02667837
   10.67067067    0.02581063
   10.72072072    0.02500719
   10.77077077    0.02431857
   10.82082082    0.02380399
   10.87087087    0.02347952
   10.92092092    0.02328146
   10.97097097    0.02307893
   11.02102102    0.02274278
   11.07107107    0.02221910
   11.12112112    0.02153743
   11.17117117    0.02076921
   11.22122122    0.01999359
   11.27127127    0.01927544
   11.32132132    0.01865131
   11.37137137    0.01813241
   11.42142142    0.01771602
   11.47147147    0.01739193
   11.52152152    0.01714465
   11.57157157    0.01695713
   11.62162162    0.01681577
   11.67167167    0.01671274
   11.72172172    0.01664465
   11.77177177    0.01661035
   11.82182182    0.01661035
   11.87187187    0.01664658
   11.92192192    0.01671987
   11.97197197    0.01682624
   12.02202202    0.01695519
   12.07207207    0.01709218
   12.12212212    0.01722359
   12.17217217    0.01734003
   12.22222222    0.01743670
   12.27227227    0.01751414
   12.32232232    0.01758079
   12.37237237    0.01765293
   12.42242242    0.01774942
   12.47247247    0.01788421
   12.52252252    0.01806106
   12.57257257    0.01827502
   12.62262262    0.01851963
   12.67267267    0.01879340
   12.72272272    0.01910067
   12.77277277    0.01944816
   12.82282282    0.01984076
   12.87287287    0.02027769
   12.92292292    0.02074914
   12.97297297    0.02123492
   13.02302302    0.02170852
   13.07307307    0.02214635
   13.12312312    0.02253509
   13.17317317    0.02287085
   13.22322322    0.02315230
   13.27327327    0.02337602
   13.32332332    0.02353737
   13.37337337    0.02363340
   13.42342342    0.02366555
   13.47347347    0.02364307
   13.52352352    0.02358604
   13.57357357    0.02352400
   13.62362362    0.02348877
   13.67367367    0.02350543
   13.72372372    0.02358704
   13.77377377    0.02373492
   13.82382382    0.02394209
   13.87387387    0.02419750
   13.92392392    0.02448942
   13.97397397    0.02480535
   14.02402402    0.02512988
   14.07407407    0.02544604
   14.12412412    0.02574237
   14.17417417    0.02601989
   14.22422422    0.02629125
   14.27427427    0.02656863
   14.32432432    0.02684461
   14.37437437    0.02707889
   14.42442442    0.02720488
   14.47447447    0.02715908
   14.52452452    0.02691644
   14.57457457    0.02650493
   14.62462462    0.02599010
   14.67467467    0.02544685
   14.72472472    0.02493999
   14.77477477    0.02451867
   14.82482482    0.02421763
   14.87487487    0.02405889
   14.92492492    0.02405270
   14.97497497    0.02419837
   15.02502503    0.02448498
   15.07507508    0.02489222
   15.12512513    0.02539198
   15.17517518    0.02595142
   15.22522523    0.02653697
   15.27527528    0.02711813
   15.32532533    0.02766979
   15.37537538    0.02817235
   15.42542543    0.02860961
   15.47547548    0.02896613
   15.52552553    0.02922637
   15.57557558    0.02937647
   15.62562563    0.02940783
   15.67567568    0.02932098
   15.72572573    0.02912744
   15.77577578    0.02884718
   15.82582583    0.02850206
   15.87587588    0.02810987
   15.92592593    0.02768372
   15.97597598    0.02723749
   16.02602603    0.02679153
   16.07607608    0.02637226
   16.12612613    0.02600592
   16.17617618    0.02571284
   16.22622623    0.02550620
   16.27627628    0.02539427
   16.32632633    0.02538350
   16.37637638    0.02548118
   16.42642643    0.02569774
   16.47647648    0.02604759
   16.52652653    0.02654697
   16.57657658    0.02720853
   16.62662663    0.02803505
   16.67667668    0.02901495
   16.72672673    0.03012086
   16.77677678    0.03131251
   16.82682683    0.03254475
   16.87687688    0.03377822
   16.92692693    0.03498522
   16.97697698    0.03614409
   17.02702703    0.03722528
   17.07707708    0.03818193
   17.12712713    0.03895658
   17.17717718    0.03950408
   17.22722723    0.03981599
   17.27727728    0.03992902
   17.32732733    0.03991108
   17.37737738    0.03983271
   17.42742743    0.03974071
   17.47747748    0.03964675
   17.52752753    0.03953358
   17.57757758    0.03937150
   17.62762763    0.03913434
   17.67767768    0.03880795
   17.72772773    0.03839100
   17.77777778    0.03789214
   17.82782783    0.03732594
   17.87787788    0.03670982
   17.92792793    0.03606284
   17.97797798    0.03540488
   18.02802803    0.03475394
   18.07807808    0.03412294
   18.12812813    0.03351956
   18.17817818    0.03295078
   18.22822823    0.03242813
   18.27827828    0.03196735
   18.32832833    0.03158193
   18.37837838    0.03127731
   18.42842843    0.03105112
   18.47847848    0.03089773
   18.52852853    0.03081239
   18.57857858    0.03079145
   18.62862863    0.03082940
   18.67867868    0.03091503
   18.72872873    0.03103015
   18.77877878    0.03115329
   18.82882883    0.03126784
   18.87887888    0.03137029
   18.92892893    0.03147240
   18.97897898    0.03159559
   19.02902903    0.03176203
   19.07907908    0.03198939
   19.12912913    0.03229314
   19.17917918    0.03269137
   19.22922923    0.03320388
   19.27927928    0.03384235
   19.32932933    0.03459680
   19.37937938    0.03542522
   19.42942943    0.03625160
   19.47947948    0.03697564
   19.52952953    0.03749591
   19.57957958    0.03774136
   19.62962963    0.03769790
   19.67967968    0.03741487
   19.72972973    0.03698744
   19.77977978    0.03652684
   19.82982983    0.03613515
   19.87987988    0.03589200
   19.92992993    0.03585069
   19.97997998    0.03603902
   20.03003003    0.03646189
   20.08008008    0.03710436
   20.13013013    0.03793458
   20.18018018    0.03890629
   20.23023023    0.03996140
   20.28028028    0.04103435
   20.33033033    0.04206000
   20.38038038    0.04298477
   20.43043043    0.04377656
   20.48048048    0.04442785
   20.53053053    0.04495023
   20.58058058    0.04536438
   20.63063063    0.04569038
   20.68068068    0.04594137
   20.73073073    0.04612109
   20.78078078    0.04622456
   20.83083083    0.04624038
   20.88088088    0.04615381
   20.93093093    0.04595141
   20.98098098    0.04562786
   21.03103103    0.04519263
   21.08108108    0.04467245
   21.13113113    0.04410751
   21.18118118    0.04354303
   21.23123123    0.04301997
   21.28128128    0.04256835
   21.33133133    0.04220391
   21.38138138    0.04192771
   21.43143143    0.04172829
   21.48148148    0.04158710
   21.53153153    0.04148614
   21.58158158    0.04141452
   21.63163163    0.04137058
   21.68168168    0.04135879
   21.73173173    0.04138445
   21.78178178    0.04145045
   21.83183183    0.04155765
   21.88188188    0.04170695
   21.93193193    0.04189960
   21.98198198    0.04213503
   22.03203203    0.04240822
   22.08208208    0.04270901
   22.13213213    0.04302479
   22.18218218    0.04334598
   22.23223223    0.04367160
   22.28228228    0.04401101
   22.33233233    0.04437924
   22.38238238    0.04478789
   22.43243243    0.04523692
   22.48248248    0.04571186
   22.53253253    0.04618715
   22.58258258    0.04663260
   22.63263263    0.04701899
   22.68268268    0.04732095
   22.73273273    0.04751786
   22.78278278    0.04759585
   22.83283283    0.04755236
   22.88288288    0.04740173
   22.93293293    0.04717719
   22.98298298    0.04692621
   23.03303303    0.04670001
   23.08308308    0.04654137
   23.13313313    0.04647476
   23.18318318    0.04650133
   23.23323323    0.04659956
   23.28328328    0.04673139
   23.33333333    0.04685222
   23.38338338    0.04692191
   23.43343343    0.04691296
   23.48348348    0.04681419
   23.53353353    0.04663079
   23.58358358    0.04638198
   23.63363363    0.04609623
   23.68368368    0.04580554
   23.73373373    0.04554069
   23.78378378    0.04532776
   23.83383383    0.04518515
   23.88388388    0.04512170
   23.93393393    0.04513670
   23.98398398    0.04522091
   24.03403403    0.04535638
   24.08408408    0.04551467
   24.13413413    0.04565660
   24.18418418    0.04573766
   24.23423423    0.04571976
   24.28428428    0.04558389
   24.33433433    0.04533717
   24.38438438    0.04501089
   24.43443443    0.04465082
   24.48448448    0.04430394
   24.53453453    0.04400676
   24.58458458    0.04377946
   24.63463463    0.04362722
   24.68468468    0.04354659
   24.73473473    0.04353336
   24.78478478    0.04358784
   24.83483483    0.04371596
   24.88488488    0.04392697
   24.93493493    0.04422962
   24.98498498    0.04462795
   25.03503504    0.04511745
   25.08508509    0.04568274
   25.13513514    0.04629710
   25.18518519    0.04692351
   25.23523524    0.04751749
   25.28528529    0.04803262
   25.33533534    0.04842792
   25.38538539    0.04867455
   25.43543544    0.04875915
   25.48548549    0.04868343
   25.53553554    0.04846214
   25.58558559    0.04812182
   25.63563564    0.04769983
   25.68568569    0.04724086
   25.73573574    0.04678949
   25.78578579    0.04638274
   25.83583584    0.04604676
   25.88588589    0.04579767
   25.93593594    0.04564280
   25.98598599    0.04558043
   26.03603604    0.04559869
   26.08608609    0.04567556
   26.13613614    0.04578083
   26.18618619    0.04588000
   26.23623624    0.04593987
   26.28628629    0.04593515
   26.33633634    0.04585519
   26.38638639    0.04570858
   26.43643644    0.04552291
   26.48648649    0.04533848
   26.53653654    0.04519806
   26.58658659    0.04513643
   26.63663664    0.04517310
   26.68668669    0.04530941
   26.73673674    0.04552910
   26.78678679    0.04580120
   26.83683684    0.04608430
   26.88688689    0.04633145
   26.93693694    0.04649567
   26.98698699    0.04653599
   27.03703704    0.04642447
   27.08708709    0.04615357
   27.13713714    0.04574172
   27.18718719    0.04523290
   27.23723724    0.04468834
   27.28728729    0.04417256
   27.33733734    0.04374000
   27.38738739    0.04342728
   27.43743744    0.04325229
   27.48748749    0.04321680
   27.53753754    0.04330928
   27.58758759    0.04350606
   27.63763764    0.04377238
   27.68768769    0.04406564
   27.73773774    0.04434172
   27.78778779    0.04456233
   27.83783784    0.04470049
   27.88788789    0.04474302
   27.93793794    0.04469090
   27.98798799    0.04455878
   28.03803804    0.04437349
   28.08808809    0.04417098
   28.13813814    0.04399118
   28.18818819    0.04387202
   28.23823824    0.04384476
   28.28828829    0.04393181
   28.33833834    0.04414607
   28.38838839    0.04448984
   28.43843844    0.04495253
   28.48848849    0.04550848
   28.53853854    0.04611730
   28.58858859    0.04672843
   28.63863864    0.04728983
   28.68868869    0.04775825
   28.73873874    0.04810681
   28.78878879    0.04832750
   28.83883884    0.04842919
   28.88888889    0.04843377
   28.93893894    0.04837191
   28.98898899    0.04827838
   29.03903904    0.04818680
   29.08908909    0.04812409
   29.13913914    0.04810605
   29.18918919    0.04813442
   29.23923924    0.04819656
   29.28928929    0.04826859
   29.33933934    0.04832317
   29.38938939    0.04834026
   29.43943944    0.04831523
   29.48948949    0.04825819
   29.53953954    0.04818468
   29.58958959    0.04810609
   29.63963964    0.04802731
   29.68968969    0.04795216
   29.73973974    0.04789012
   29.78978979    0.04785793
   29.83983984    0.04787396
   29.88988989    0.04794923
   29.93993994    0.04808041
   29.98998999    0.04824790
   30.04004004    0.04841922
   30.09009009    0.04855593
   30.14014014    0.04862212
   30.19019019    0.04859242
   30.24024024    0.04845714
   30.29029029    0.04822291
   30.34034034    0.04790897
   30.39039039    0.04754144
   30.44044044    0.04714838
   30.49049049    0.04675748
   30.54054054    0.04639583
   30.59059059    0.04609051
   30.64064064    0.04586850
   30.69069069    0.04575545
   30.74074074    0.04577318
   30.79079079    0.04593657
   30.84084084    0.04625076
   30.89089089    0.04670903
   30.94094094    0.04729218
   30.99099099    0.04796939
   31.04104104    0.04870082
   31.09109109    0.04944136
   31.14114114    0.05014483
   31.19119119    0.05076766
   31.24124124    0.05127194
   31.29129129    0.05162815
   31.34134134    0.05181742
   31.39139139    0.05183264
   31.44144144    0.05167745
   31.49149149    0.05136339
   31.54154154    0.05090706
   31.59159159    0.05032963
   31.64164164    0.04965946
   31.69169169    0.04893605
   31.74174174    0.04821089
   31.79179179    0.04754219
   31.84184184    0.04698421
   31.89189189    0.04657623
   31.94194194    0.04633585
   31.99199199    0.04625802
   32.04204204    0.04631861
   32.09209209    0.04648087
   32.14214214    0.04670363
   32.19219219    0.04694978
   32.24224224    0.04719269
   32.29229229    0.04741835
   32.34234234    0.04762261
   32.39239239    0.04780515
   32.44244244    0.04796348
   32.49249249    0.04809036
   32.54254254    0.04817674
   32.59259259    0.04821937
   32.64264264    0.04822763
   32.69269269    0.04822255
   32.74274274    0.04822614
   32.79279279    0.04824801
   32.84284284    0.04827915
   32.89289289    0.04829745
   32.94294294    0.04828118
   32.99299299    0.04822148
   33.04304304    0.04812629
   33.09309309    0.04801535
   33.14314314    0.04791112
   33.19319319    0.04782978
   33.24324324    0.04777500
   33.29329329    0.04773565
   33.34334334    0.04768936
   33.39339339    0.04761205
   33.44344344    0.04749021
   33.49349349    0.04732985
   33.54354354    0.04715701
   33.59359359    0.04700940
   33.64364364    0.04692381
   33.69369369    0.04692534
   33.74374374    0.04702215
   33.79379379    0.04720518
   33.84384384    0.04745088
   33.89389389    0.04772543
   33.94394394    0.04799012
   33.99399399    0.04820757
   34.04404404    0.04834783
   34.09409409    0.04839285
   34.14414414    0.04833840
   34.19419419    0.04819383
   34.24424424    0.04797963
   34.29429429    0.04772321
   34.34434434    0.04745335
   34.39439439    0.04719466
   34.44444444    0.04696387
   34.49449449    0.04676848
   34.54454454    0.04660780
   34.59459459    0.04647471
   34.64464464    0.04635784
   34.69469469    0.04624409
   34.74474474    0.04612248
   34.79479479    0.04598949
   34.84484484    0.04585368
   34.89489489    0.04573723
   34.94494494    0.04567299
   34.99499499    0.04569850
   35.04504505    0.04584963
   35.09509510    0.04615522
   35.14514515    0.04663336
   35.19519520    0.04728861
   35.24524525    0.04811027
   35.29529530    0.04907189
   35.34534535    0.05013204
   35.39539540    0.05123643
   35.44544545    0.05232129
   35.49549550    0.05331864
   35.54554555    0.05416376
   35.59559560    0.05480432
   35.64564565    0.05520876
   35.69569570    0.05537069
   35.74574575    0.05530728
   35.79579580    0.05505231
   35.84584585    0.05464728
   35.89589590    0.05413411
   35.94594595    0.05355186
   35.99599600    0.05293673
   36.04604605    0.05232289
   36.09609610    0.05174148
   36.14614615    0.05121771
   36.19619620    0.05076774
   36.24624625    0.05039744
   36.29629630    0.05010381
   36.34634635    0.04987820
   36.39639640    0.04970954
   36.44644645    0.04958650
   36.49649650    0.04949911
   36.54654655    0.04944071
   36.59659660    0.04940928
   36.64664665    0.04940702
   36.69669670    0.04943788
   36.74674675    0.04950474
   36.79679680    0.04960796
   36.84684685    0.04974547
   36.89689690    0.04991287
   36.94694695    0.05010247
   36.99699700    0.05030129
   37.04704705    0.05049005
   37.09709710    0.05064521
   37.14714715    0.05074518
   37.19719720    0.05077857
   37.24724725    0.05075018
   37.29729730    0.05068129
   37.34734735    0.05060452
   37.39739740    0.05055586
   37.44744745    0.05056727
   37.49749750    0.05066144
   37.54754755    0.05084974
   37.59759760    0.05113366
   37.64764765    0.05150865
   37.69769770    0.05196850
   37.74774775    0.05250857
   37.79779780    0.05312645
   37.84784785    0.05381995
   37.89789790    0.05458264
   37.94794795    0.05539858
   37.99799800    0.05623849
   38.04804805    0.05705983
   38.09809810    0.05781178
   38.14814815    0.05844346
   38.19819820    0.05891194
   38.24824825    0.05918758
   38.29829830    0.05925632
   38.34834835    0.05911970
   38.39839840    0.05879304
   38.44844845    0.05830252
   38.49849850    0.05768260
   38.54854855    0.05697415
   38.59859860    0.05622253
   38.64864865    0.05547428
   38.69869870    0.05477237
   38.74874875    0.05415135
   38.79879880    0.05363450
   38.84884885    0.05323418
   38.89889890    0.05295488
   38.94894895    0.05279685
   38.99899900    0.05275783
   39.04904905    0.05283143
   39.09909910    0.05300373
   39.14914915    0.05325096
   39.19919920    0.05354025
   39.24924925    0.05383378
   39.29929930    0.05409453
   39.34934935    0.05429234
   39.39939940    0.05440909
   39.44944945    0.05444211
   39.49949950    0.05440453
   39.54954955    0.05432224
   39.59959960    0.05422787
   39.64964965    0.05415385
   39.69969970    0.05412662
   39.74974975    0.05416361
   39.79979980    0.05427336
   39.84984985    0.05445799
   39.89989990    0.05471637
   39.94994995    0.05504631
   40.00000000    0.05544478
