# Final state angular momentum:   1
# Broadening parameter (in eV):    0.200
# Absorbing atom type (xiabs):   2
# Energy (eV)   sigma
  -10.00000000    0.00036687
   -9.94994995    0.00036885
   -9.89989990    0.00037084
   -9.84984985    0.00037286
   -9.79979980    0.00037490
   -9.74974975    0.00037697
   -9.69969970    0.00037906
   -9.64964965    0.00038117
   -9.59959960    0.00038331
   -9.54954955    0.00038548
   -9.49949950    0.00038767
   -9.44944945    0.00038989
   -9.39939940    0.00039213
   -9.34934935    0.00039440
   -9.29929930    0.00039670
   -9.24924925    0.00039903
   -9.19919920    0.00040139
   -9.14914915    0.00040378
   -9.09909910    0.00040619
   -9.04904905    0.00040864
   -8.99899900    0.00041112
   -8.94894895    0.00041363
   -8.89889890    0.00041617
   -8.84884885    0.00041874
   -8.79879880    0.00042135
   -8.74874875    0.00042399
   -8.69869870    0.00042667
   -8.64864865    0.00042938
   -8.59859860    0.00043213
   -8.54854855    0.00043491
   -8.49849850    0.00043774
   -8.44844845    0.00044060
   -8.39839840    0.00044350
   -8.34834835    0.00044644
   -8.29829830    0.00044942
   -8.24824825    0.00045244
   -8.19819820    0.00045550
   -8.14814815    0.00045861
   -8.09809810    0.00046176
   -8.04804805    0.00046496
   -7.99799800    0.00046820
   -7.94794795    0.00047149
   -7.89789790    0.00047482
   -7.84784785    0.00047821
   -7.79779780    0.00048165
   -7.74774775    0.00048513
   -7.69769770    0.00048867
   -7.64764765    0.00049226
   -7.59759760    0.00049591
   -7.54754755    0.00049961
   -7.49749750    0.00050337
   -7.44744745    0.00050719
   -7.39739740    0.00051106
   -7.34734735    0.00051500
   -7.29729730    0.00051900
   -7.24724725    0.00052306
   -7.19719720    0.00052719
   -7.14714715    0.00053139
   -7.09709710    0.00053565
   -7.04704705    0.00053999
   -6.99699700    0.00054439
   -6.94694695    0.00054887
   -6.89689690    0.00055342
   -6.84684685    0.00055805
   -6.79679680    0.00056276
   -6.74674675    0.00056755
   -6.69669670    0.00057242
   -6.64664665    0.00057738
   -6.59659660    0.00058242
   -6.54654655    0.00058755
   -6.49649650    0.00059278
   -6.44644645    0.00059809
   -6.39639640    0.00060351
   -6.34634635    0.00060902
   -6.29629630    0.00061464
   -6.24624625    0.00062035
   -6.19619620    0.00062618
   -6.14614615    0.00063211
   -6.09609610    0.00063816
   -6.04604605    0.00064432
   -5.99599600    0.00065061
   -5.94594595    0.00065701
   -5.89589590    0.00066354
   -5.84584585    0.00067020
   -5.79579580    0.00067699
   -5.74574575    0.00068393
   -5.69569570    0.00069100
   -5.64564565    0.00069821
   -5.59559560    0.00070558
   -5.54554555    0.00071310
   -5.49549550    0.00072078
   -5.44544545    0.00072862
   -5.39539540    0.00073663
   -5.34534535    0.00074481
   -5.29529530    0.00075318
   -5.24524525    0.00076173
   -5.19519520    0.00077046
   -5.14514515    0.00077940
   -5.09509510    0.00078854
   -5.04504505    0.00079789
   -4.99499499    0.00080745
   -4.94494494    0.00081724
   -4.89489489    0.00082727
   -4.84484484    0.00083753
   -4.79479479    0.00084804
   -4.74474474    0.00085880
   -4.69469469    0.00086983
   -4.64464464    0.00088114
   -4.59459459    0.00089273
   -4.54454454    0.00090462
   -4.49449449    0.00091681
   -4.44444444    0.00092932
   -4.39439439    0.00094216
   -4.34434434    0.00095534
   -4.29429429    0.00096887
   -4.24424424    0.00098278
   -4.19419419    0.00099707
   -4.14414414    0.00101175
   -4.09409409    0.00102685
   -4.04404404    0.00104238
   -3.99399399    0.00105836
   -3.94394394    0.00107481
   -3.89389389    0.00109174
   -3.84384384    0.00110918
   -3.79379379    0.00112715
   -3.74374374    0.00114567
   -3.69369369    0.00116477
   -3.64364364    0.00118447
   -3.59359359    0.00120481
   -3.54354354    0.00122580
   -3.49349349    0.00124748
   -3.44344344    0.00126988
   -3.39339339    0.00129304
   -3.34334334    0.00131700
   -3.29329329    0.00134178
   -3.24324324    0.00136744
   -3.19319319    0.00139402
   -3.14314314    0.00142156
   -3.09309309    0.00145012
   -3.04304304    0.00147975
   -2.99299299    0.00151050
   -2.94294294    0.00154244
   -2.89289289    0.00157564
   -2.84284284    0.00161016
   -2.79279279    0.00164608
   -2.74274274    0.00168348
   -2.69269269    0.00172245
   -2.64264264    0.00176309
   -2.59259259    0.00180549
   -2.54254254    0.00184976
   -2.49249249    0.00189604
   -2.44244244    0.00194443
   -2.39239239    0.00199509
   -2.34234234    0.00204816
   -2.29229229    0.00210382
   -2.24224224    0.00216223
   -2.19219219    0.00222361
   -2.14214214    0.00228815
   -2.09209209    0.00235611
   -2.04204204    0.00242772
   -1.99199199    0.00250329
   -1.94194194    0.00258313
   -1.89189189    0.00266757
   -1.84184184    0.00275700
   -1.79179179    0.00285185
   -1.74174174    0.00295259
   -1.69169169    0.00305975
   -1.64164164    0.00317391
   -1.59159159    0.00329573
   -1.54154154    0.00342596
   -1.49149149    0.00356543
   -1.44144144    0.00371509
   -1.39139139    0.00387602
   -1.34134134    0.00404945
   -1.29129129    0.00423677
   -1.24124124    0.00443962
   -1.19119119    0.00465984
   -1.14114114    0.00489961
   -1.09109109    0.00516146
   -1.04104104    0.00544834
   -0.99099099    0.00576377
   -0.94094094    0.00611188
   -0.89089089    0.00649766
   -0.84084084    0.00692708
   -0.79079079    0.00740744
   -0.74074074    0.00794765
   -0.69069069    0.00855877
   -0.64064064    0.00925462
   -0.59059059    0.01005271
   -0.54054054    0.01097546
   -0.49049049    0.01205202
   -0.44044044    0.01332076
   -0.39039039    0.01483295
   -0.34034034    0.01665797
   -0.29029029    0.01889050
   -0.24024024    0.02165972
   -0.19019019    0.02513803
   -0.14014014    0.02953988
   -0.09009009    0.03497840
   -0.04004004    0.04155411
    0.01001001    0.04958369
    0.06006006    0.05860422
    0.11011011    0.06812862
    0.16016016    0.07781027
    0.21021021    0.08755220
    0.26026026    0.09710811
    0.31031031    0.10648732
    0.36036036    0.11593611
    0.41041041    0.12563541
    0.46046046    0.13540033
    0.51051051    0.14455409
    0.56056056    0.15207026
    0.61061061    0.15673587
    0.66066066    0.15723017
    0.71071071    0.15265620
    0.76076076    0.14345799
    0.81081081    0.13151219
    0.86086086    0.11912478
    0.91091091    0.10792842
    0.96096096    0.09851397
    1.01101101    0.09078062
    1.06106106    0.08436251
    1.11111111    0.07886016
    1.16116116    0.07399774
    1.21121121    0.06968088
    1.26126126    0.06589881
    1.31131131    0.06263827
    1.36136136    0.05990539
    1.41141141    0.05776308
    1.46146146    0.05628893
    1.51151151    0.05548753
    1.56156156    0.05523164
    1.61161161    0.05526682
    1.66166166    0.05528398
    1.71171171    0.05504952
    1.76176176    0.05454122
    1.81181181    0.05392557
    1.86186186    0.05338122
    1.91191191    0.05301788
    1.96196196    0.05291963
    2.01201201    0.05310683
    2.06206206    0.05346755
    2.11211211    0.05382298
    2.16216216    0.05399115
    2.21221221    0.05378732
    2.26226226    0.05311084
    2.31231231    0.05207196
    2.36236236    0.05096319
    2.41241241    0.05007520
    2.46246246    0.04953101
    2.51251251    0.04929918
    2.56256256    0.04934104
    2.61261261    0.04965101
    2.66266266    0.05015884
    2.71271271    0.05072742
    2.76276276    0.05126581
    2.81281281    0.05170675
    2.86286286    0.05184225
    2.91291291    0.05138642
    2.96296296    0.05029104
    3.01301301    0.04881937
    3.06306306    0.04728602
    3.11311311    0.04587156
    3.16316316    0.04469265
    3.21321321    0.04389859
    3.26326326    0.04359829
    3.31331331    0.04377337
    3.36336336    0.04432776
    3.41341341    0.04520084
    3.46346346    0.04637873
    3.51351351    0.04778122
    3.56356356    0.04916482
    3.61361361    0.05016260
    3.66366366    0.05047457
    3.71371371    0.05007485
    3.76376376    0.04922102
    3.81381381    0.04825245
    3.86386386    0.04742154
    3.91391391    0.04682776
    3.96396396    0.04641984
    4.01401401    0.04606242
    4.06406406    0.04561523
    4.11411411    0.04503701
    4.16416416    0.04445740
    4.21421421    0.04408635
    4.26426426    0.04405615
    4.31431431    0.04437414
    4.36436436    0.04494087
    4.41441441    0.04554674
    4.46446446    0.04591242
    4.51451451    0.04582148
    4.56456456    0.04525380
    4.61461461    0.04439717
    4.66466466    0.04351385
    4.71471471    0.04275746
    4.76476476    0.04210591
    4.81481481    0.04147654
    4.86486486    0.04090111
    4.91491491    0.04055302
    4.96496496    0.04058330
    5.01501502    0.04095553
    5.06506507    0.04142502
    5.11511512    0.04172162
    5.16516517    0.04181660
    5.21521522    0.04194337
    5.26526527    0.04232773
    5.31531532    0.04295880
    5.36536537    0.04359401
    5.41541542    0.04393677
    5.46546547    0.04386805
    5.51551552    0.04354686
    5.56556557    0.04323896
    5.61561562    0.04306091
    5.66566567    0.04290269
    5.71571572    0.04254394
    5.76576577    0.04187612
    5.81581582    0.04101670
    5.86586587    0.04021233
    5.91591592    0.03967754
    5.96596597    0.03949946
    6.01601602    0.03965734
    6.06606607    0.04008469
    6.11611612    0.04068544
    6.16616617    0.04132396
    6.21621622    0.04184890
    6.26626627    0.04217092
    6.31631632    0.04234235
    6.36636637    0.04253407
    6.41641642    0.04289566
    6.46646647    0.04343605
    6.51651652    0.04404920
    6.56656657    0.04463264
    6.61661662    0.04514022
    6.66666667    0.04553180
    6.71671672    0.04571404
    6.76676677    0.04557554
    6.81681682    0.04513267
    6.86686687    0.04457593
    6.91691692    0.04408204
    6.96696697    0.04365414
    7.01701702    0.04319269
    7.06706707    0.04267437
    7.11711712    0.04222365
    7.16716717    0.04199992
    7.21721722    0.04205238
    7.26726727    0.04228774
    7.31731732    0.04251561
    7.36736737    0.04253592
    7.41741742    0.04226277
    7.46746747    0.04178115
    7.51751752    0.04126560
    7.56756757    0.04085640
    7.61761762    0.04059214
    7.66766767    0.04044337
    7.71771772    0.04040113
    7.76776777    0.04049874
    7.81781782    0.04076999
    7.86786787    0.04118935
    7.91791792    0.04161032
    7.96796797    0.04176394
    8.01801802    0.04135756
    8.06806807    0.04025840
    8.11811812    0.03863173
    8.16816817    0.03685761
    8.21821822    0.03529942
    8.26826827    0.03415977
    8.31831832    0.03348317
    8.36836837    0.03322140
    8.41841842    0.03329953
    8.46846847    0.03365788
    8.51851852    0.03424138
    8.56856857    0.03493719
    8.61861862    0.03556421
    8.66866867    0.03598212
    8.71871872    0.03615969
    8.76876877    0.03609729
    8.81881882    0.03578637
    8.86886887    0.03528711
    8.91891892    0.03477753
    8.96896897    0.03446900
    9.01901902    0.03445565
    9.06906907    0.03465359
    9.11911912    0.03489689
    9.16916917    0.03509348
    9.21921922    0.03527066
    9.26926927    0.03547346
    9.31931932    0.03565565
    9.36936937    0.03570064
    9.41941942    0.03553210
    9.46946947    0.03517178
    9.51951952    0.03470938
    9.56956957    0.03423680
    9.61961962    0.03379636
    9.66966967    0.03339278
    9.71971972    0.03305875
    9.76976977    0.03288703
    9.81981982    0.03298884
    9.86986987    0.03341979
    9.91991992    0.03413124
    9.96996997    0.03498168
   10.02002002    0.03578635
   10.07007007    0.03637406
   10.12012012    0.03663949
   10.17017017    0.03656755
   10.22022022    0.03620351
   10.27027027    0.03558245
   10.32032032    0.03470183
   10.37037037    0.03357101
   10.42042042    0.03226935
   10.47047047    0.03093046
   10.52052052    0.02966006
   10.57057057    0.02848705
   10.62062062    0.02740744
   10.67067067    0.02645994
   10.72072072    0.02573002
   10.77077077    0.02528018
   10.82082082    0.02508521
   10.87087087    0.02501689
   10.92092092    0.02488700
   10.97097097    0.02454177
   11.02102102    0.02394346
   11.07107107    0.02316576
   11.12112112    0.02233252
   11.17117117    0.02155936
   11.22122122    0.02091595
   11.27127127    0.02042205
   11.32132132    0.02006969
   11.37137137    0.01984351
   11.42142142    0.01972506
   11.47147147    0.01968823
   11.52152152    0.01969820
   11.57157157    0.01971878
   11.62162162    0.01972377
   11.67167167    0.01970423
   11.72172172    0.01966658
   11.77177177    0.01962359
   11.82182182    0.01958549
   11.87187187    0.01955737
   11.92192192    0.01954358
   11.97197197    0.01955406
   12.02202202    0.01960627
   12.07207207    0.01972023
   12.12212212    0.01990997
   12.17217217    0.02017655
   12.22222222    0.02050480
   12.27227227    0.02086510
   12.32232232    0.02122126
   12.37237237    0.02154463
   12.42242242    0.02182592
   12.47247247    0.02207531
   12.52252252    0.02231441
   12.57257257    0.02256979
   12.62262262    0.02286873
   12.67267267    0.02323463
   12.72272272    0.02368290
   12.77277277    0.02421816
   12.82282282    0.02483133
   12.87287287    0.02549485
   12.92292292    0.02615941
   12.97297297    0.02676114
   13.02302302    0.02724291
   13.07307307    0.02757654
   13.12312312    0.02776553
   13.17317317    0.02782836
   13.22322322    0.02778244
   13.27327327    0.02764242
   13.32332332    0.02742843
   13.37337337    0.02717192
   13.42342342    0.02691271
   13.47347347    0.02669003
   13.52352352    0.02653339
   13.57357357    0.02645673
   13.62362362    0.02645800
   13.67367367    0.02652609
   13.72372372    0.02665226
   13.77377377    0.02683634
   13.82382382    0.02708050
   13.87387387    0.02737610
   13.92392392    0.02769723
   13.97397397    0.02800865
   14.02402402    0.02828122
   14.07407407    0.02849976
   14.12412412    0.02865593
   14.17417417    0.02873616
   14.22422422    0.02871678
   14.27427427    0.02856939
   14.32432432    0.02827580
   14.37437437    0.02784568
   14.42442442    0.02732238
   14.47447447    0.02677005
   14.52452452    0.02625231
   14.57457457    0.02581777
   14.62462462    0.02549756
   14.67467467    0.02531064
   14.72472472    0.02527025
   14.77477477    0.02538660
   14.82482482    0.02566473
   14.87487487    0.02610079
   14.92492492    0.02667920
   14.97497497    0.02737143
   15.02502503    0.02813645
   15.07507508    0.02892399
   15.12512513    0.02968148
   15.17517518    0.03036337
   15.22522523    0.03093900
   15.27527528    0.03139440
   15.32532533    0.03172798
   15.37537538    0.03194384
   15.42542543    0.03204671
   15.47547548    0.03204138
   15.52552553    0.03193681
   15.57557558    0.03175090
   15.62562563    0.03150825
   15.67567568    0.03122805
   15.72572573    0.03091091
   15.77577578    0.03053696
   15.82582583    0.03007945
   15.87587588    0.02952492
   15.92592593    0.02888726
   15.97597598    0.02821003
   16.02602603    0.02755813
   16.07607608    0.02700190
   16.12612613    0.02659992
   16.17617618    0.02638916
   16.22622623    0.02638555
   16.27627628    0.02659010
   16.32632633    0.02699478
   16.37637638    0.02758552
   16.42642643    0.02834266
   16.47647648    0.02924046
   16.52652653    0.03024695
   16.57657658    0.03132587
   16.62662663    0.03244153
   16.67667668    0.03356565
   16.72672673    0.03468204
   16.77677678    0.03578454
   16.82682683    0.03686708
   16.87687688    0.03790984
   16.92692693    0.03886722
   16.97697698    0.03966342
   17.02702703    0.04020297
   17.07707708    0.04040075
   17.12712713    0.04022171
   17.17717718    0.03970226
   17.22722723    0.03893454
   17.27727728    0.03803037
   17.32732733    0.03709182
   17.37737738    0.03619637
   17.42742743    0.03539130
   17.47747748    0.03469270
   17.52752753    0.03408759
   17.57757758    0.03354000
   17.62762763    0.03300190
   17.67767768    0.03242749
   17.72772773    0.03178628
   17.77777778    0.03106968
   17.82782783    0.03028979
   17.87787788    0.02947298
   17.92792793    0.02865170
   17.97797798    0.02785711
   18.02802803    0.02711443
   18.07807808    0.02644162
   18.12812813    0.02585081
   18.17817818    0.02535083
   18.22822823    0.02494817
   18.27827828    0.02464595
   18.32832833    0.02444323
   18.37837838    0.02433545
   18.42842843    0.02431520
   18.47847848    0.02437212
   18.52852853    0.02449249
   18.57857858    0.02465999
   18.62862863    0.02485873
   18.67867868    0.02507729
   18.72872873    0.02531073
   18.77877878    0.02555868
   18.82882883    0.02582154
   18.87887888    0.02609832
   18.92892893    0.02638828
   18.97897898    0.02669513
   19.02902903    0.02702938
   19.07907908    0.02740634
   19.12912913    0.02784005
   19.17917918    0.02833728
   19.22922923    0.02889458
   19.27927928    0.02949905
   19.32932933    0.03013068
   19.37937938    0.03076355
   19.42942943    0.03136455
   19.47947948    0.03189280
   19.52952953    0.03230455
   19.57957958    0.03256513
   19.62962963    0.03266343
   19.67967968    0.03262116
   19.72972973    0.03249155
   19.77977978    0.03234723
   19.82982983    0.03226344
   19.87987988    0.03230407
   19.92992993    0.03251447
   19.97997998    0.03292006
   20.03003003    0.03352740
   20.08008008    0.03432467
   20.13013013    0.03528084
   20.18018018    0.03634649
   20.23023023    0.03746103
   20.28028028    0.03856629
   20.33033033    0.03961771
   20.38038038    0.04058417
   20.43043043    0.04144106
   20.48048048    0.04216917
   20.53053053    0.04276070
   20.58058058    0.04322242
   20.63063063    0.04357197
   20.68068068    0.04383132
   20.73073073    0.04402011
   20.78078078    0.04414920
   20.83083083    0.04421707
   20.88088088    0.04421299
   20.93093093    0.04412669
   20.98098098    0.04395914
   21.03103103    0.04372681
   21.08108108    0.04345593
   21.13113113    0.04317102
   21.18118118    0.04288570
   21.23123123    0.04260118
   21.28128128    0.04231187
   21.33133133    0.04201326
   21.38138138    0.04170692
   21.43143143    0.04140105
   21.48148148    0.04110890
   21.53153153    0.04084708
   21.58158158    0.04063354
   21.63163163    0.04048535
   21.68168168    0.04041716
   21.73173173    0.04044003
   21.78178178    0.04055948
   21.83183183    0.04077338
   21.88188188    0.04107115
   21.93193193    0.04143531
   21.98198198    0.04184530
   22.03203203    0.04228278
   22.08208208    0.04273710
   22.13213213    0.04320912
   22.18218218    0.04371164
   22.23223223    0.04426527
   22.28228228    0.04489019
   22.33233233    0.04559499
   22.38238238    0.04636608
   22.43243243    0.04716437
   22.48248248    0.04793461
   22.53253253    0.04862272
   22.58258258    0.04918690
   22.63263263    0.04959732
   22.68268268    0.04983424
   22.73273273    0.04989261
   22.78278278    0.04978830
   22.83283283    0.04955830
   22.88288288    0.04925311
   22.93293293    0.04892578
   22.98298298    0.04862189
   23.03303303    0.04837244
   23.08308308    0.04818964
   23.13313313    0.04806565
   23.18318318    0.04797597
   23.23323323    0.04788865
   23.28328328    0.04777664
   23.33333333    0.04762707
   23.38338338    0.04744236
   23.43343343    0.04723391
   23.48348348    0.04701474
   23.53353353    0.04679734
   23.58358358    0.04659668
   23.63363363    0.04643286
   23.68368368    0.04632803
   23.73373373    0.04629874
   23.78378378    0.04634906
   23.83383383    0.04646815
   23.88388388    0.04663169
   23.93393393    0.04680554
   23.98398398    0.04695026
   24.03403403    0.04702714
   24.08408408    0.04700667
   24.13413413    0.04687789
   24.18418418    0.04665318
   24.23423423    0.04636433
   24.28428428    0.04605193
   24.33433433    0.04575326
   24.38438438    0.04549314
   24.43443443    0.04527996
   24.48448448    0.04510771
   24.53453453    0.04496285
   24.58458458    0.04483148
   24.63463463    0.04470293
   24.68468468    0.04457021
   24.73473473    0.04443010
   24.78478478    0.04428348
   24.83483483    0.04413582
   24.88488488    0.04399752
   24.93493493    0.04388363
   24.98498498    0.04381117
   25.03503504    0.04379358
   25.08508509    0.04383423
   25.13513514    0.04392212
   25.18518519    0.04403219
   25.23523524    0.04413044
   25.28528529    0.04418248
   25.33533534    0.04416207
   25.38538539    0.04405732
   25.43543544    0.04387249
   25.48548549    0.04362573
   25.53553554    0.04334434
   25.58558559    0.04305995
   25.63563564    0.04280441
   25.68568569    0.04260555
   25.73573574    0.04248334
   25.78578579    0.04244885
   25.83583584    0.04250646
   25.88588589    0.04265600
   25.93593594    0.04289073
   25.98598599    0.04319272
   26.03603604    0.04353087
   26.08608609    0.04386503
   26.13613614    0.04415546
   26.18618619    0.04437342
   26.23623624    0.04450845
   26.28628629    0.04456877
   26.33633634    0.04457473
   26.38638639    0.04454915
   26.43643644    0.04451024
   26.48648649    0.04447021
   26.53653654    0.04443767
   26.58658659    0.04441997
   26.63663664    0.04442248
   26.68668669    0.04444469
   26.73673674    0.04447595
   26.78678679    0.04449418
   26.83683684    0.04446997
   26.88688689    0.04437509
   26.93693694    0.04419201
   26.98698699    0.04391985
   27.03703704    0.04357437
   27.08708709    0.04318270
   27.13713714    0.04277511
   27.18718719    0.04237690
   27.23723724    0.04200276
   27.28728729    0.04165643
   27.33733734    0.04133576
   27.38738739    0.04104018
   27.43743744    0.04077500
   27.48748749    0.04055040
   27.53753754    0.04037708
   27.58758759    0.04026217
   27.63763764    0.04020677
   27.68768769    0.04020467
   27.73773774    0.04024213
   27.78778779    0.04029926
   27.83783784    0.04035325
   27.88788789    0.04038333
   27.93793794    0.04037716
   27.98798799    0.04033674
   28.03803804    0.04028006
   28.08808809    0.04023506
   28.13813814    0.04022742
   28.18818819    0.04026966
   28.23823824    0.04035886
   28.28828829    0.04048423
   28.33833834    0.04063870
   28.38838839    0.04082628
   28.43843844    0.04106105
   28.48848849    0.04136046
   28.53853854    0.04173777
   28.58858859    0.04219582
   28.63863864    0.04272253
   28.68868869    0.04328934
   28.73873874    0.04385428
   28.78878879    0.04436996
   28.83883884    0.04479325
   28.88888889    0.04509225
   28.93893894    0.04524866
   28.98898899    0.04525749
   29.03903904    0.04512736
   29.08908909    0.04488223
   29.13913914    0.04456229
   29.18918919    0.04422106
   29.23923924    0.04391762
   29.28928929    0.04370692
   29.33933934    0.04363179
   29.38938939    0.04371770
   29.43943944    0.04396946
   29.48948949    0.04437031
   29.53953954    0.04488452
   29.58958959    0.04546375
   29.63963964    0.04605482
   29.68968969    0.04660716
   29.73973974    0.04707870
   29.78978979    0.04744029
   29.83983984    0.04767794
   29.88988989    0.04779255
   29.93993994    0.04779824
   29.98998999    0.04772067
   30.04004004    0.04759386
   30.09009009    0.04745442
   30.14014014    0.04733445
   30.19019019    0.04725721
   30.24024024    0.04723713
   30.29029029    0.04728284
   30.34034034    0.04739922
   30.39039039    0.04758590
   30.44044044    0.04783290
   30.49049049    0.04811725
   30.54054054    0.04840456
   30.59059059    0.04865692
   30.64064064    0.04884403
   30.69069069    0.04895208
   30.74074074    0.04898564
   30.79079079    0.04896315
   30.84084084    0.04890959
   30.89089089    0.04885028
   30.94094094    0.04880759
   30.99099099    0.04880017
   31.04104104    0.04884351
   31.09109109    0.04895020
   31.14114114    0.04912888
   31.19119119    0.04938188
   31.24124124    0.04970259
   31.29129129    0.05007392
   31.34134134    0.05046938
   31.39139139    0.05085668
   31.44144144    0.05120230
   31.49149149    0.05147496
   31.54154154    0.05164848
   31.59159159    0.05170704
   31.64164164    0.05165350
   31.69169169    0.05151359
   31.74174174    0.05132901
   31.79179179    0.05114119
   31.84184184    0.05097585
   31.89189189    0.05083593
   31.94194194    0.05070448
   31.99199199    0.05055393
   32.04204204    0.05035647
   32.09209209    0.05009114
   32.14214214    0.04974691
   32.19219219    0.04932435
   32.24224224    0.04883772
   32.29229229    0.04831640
   32.34234234    0.04780250
   32.39239239    0.04734355
   32.44244244    0.04698325
   32.49249249    0.04675499
   32.54254254    0.04667956
   32.59259259    0.04676461
   32.64264264    0.04700268
   32.69269269    0.04736701
   32.74274274    0.04780696
   32.79279279    0.04824802
   32.84284284    0.04860198
   32.89289289    0.04878874
   32.94294294    0.04876099
   32.99299299    0.04851682
   33.04304304    0.04809332
   33.09309309    0.04754961
   33.14314314    0.04695170
   33.19319319    0.04636389
   33.24324324    0.04584395
   33.29329329    0.04543963
   33.34334334    0.04518597
   33.39339339    0.04510439
   33.44344344    0.04520344
   33.49349349    0.04548018
   33.54354354    0.04592158
   33.59359359    0.04650563
   33.64364364    0.04720238
   33.69369369    0.04797565
   33.74374374    0.04878577
   33.79379379    0.04959371
   33.84384384    0.05036588
   33.89389389    0.05107821
   33.94394394    0.05171773
   33.99399399    0.05228067
   34.04404404    0.05276815
   34.09409409    0.05318179
   34.14414414    0.05352019
   34.19419419    0.05377662
   34.24424424    0.05393850
   34.29429429    0.05398993
   34.34434434    0.05391720
   34.39439439    0.05371483
   34.44444444    0.05339043
   34.49449449    0.05296763
   34.54454454    0.05248679
   34.59459459    0.05200271
   34.64464464    0.05157847
   34.69469469    0.05127704
   34.74474474    0.05115331
   34.79479479    0.05124836
   34.84484484    0.05158582
   34.89489489    0.05216934
   34.94494494    0.05298059
   34.99499499    0.05397858
   35.04504505    0.05510145
   35.09509510    0.05627122
   35.14514515    0.05740089
   35.19519520    0.05840212
   35.24524525    0.05919378
   35.29529530    0.05971243
   35.34534535    0.05992526
   35.39539540    0.05984112
   35.44544545    0.05951278
   35.49549550    0.05902637
   35.54554555    0.05848183
   35.59559560    0.05797295
   35.64564565    0.05757370
   35.69569570    0.05733194
   35.74574575    0.05726836
   35.79579580    0.05737802
   35.84584585    0.05763330
   35.89589590    0.05798847
   35.94594595    0.05838624
   35.99599600    0.05876610
   36.04604605    0.05907356
   36.09609610    0.05926879
   36.14614615    0.05933324
   36.19619620    0.05927240
   36.24624625    0.05911300
   36.29629630    0.05889457
   36.34634635    0.05865855
   36.39639640    0.05843937
   36.44644645    0.05825998
   36.49649650    0.05813132
   36.54654655    0.05805333
   36.59659660    0.05801617
   36.64664665    0.05800217
   36.69669670    0.05798916
   36.74674675    0.05795576
   36.79679680    0.05788743
   36.84684685    0.05778138
   36.89689690    0.05764797
   36.94694695    0.05750724
   36.99699700    0.05738180
   37.04704705    0.05728913
   37.09709710    0.05723693
   37.14714715    0.05722298
   37.19719720    0.05723914
   37.24724725    0.05727706
   37.29729730    0.05733224
   37.34734735    0.05740434
   37.39739740    0.05749446
   37.44744745    0.05760228
   37.49749750    0.05772539
   37.54754755    0.05786108
   37.59759760    0.05800927
   37.64764765    0.05817449
   37.69769770    0.05836581
   37.74774775    0.05859438
   37.79779780    0.05886945
   37.84784785    0.05919449
   37.89789790    0.05956470
   37.94794795    0.05996651
   37.99799800    0.06037831
   38.04804805    0.06077159
   38.09809810    0.06111245
   38.14814815    0.06136433
   38.19819820    0.06149259
   38.24824825    0.06147068
   38.29829830    0.06128586
   38.34834835    0.06094247
   38.39839840    0.06046099
   38.44844845    0.05987286
   38.49849850    0.05921273
   38.54854855    0.05851104
   38.59859860    0.05778987
   38.64864865    0.05706356
   38.69869870    0.05634333
   38.74874875    0.05564322
   38.79879880    0.05498364
   38.84884885    0.05439015
   38.89889890    0.05388800
   38.94894895    0.05349529
   38.99899900    0.05321783
   39.04904905    0.05304771
   39.09909910    0.05296541
   39.14914915    0.05294408
   39.19919920    0.05295430
   39.24924925    0.05296864
   39.29929930    0.05296591
   39.34934935    0.05293446
   39.39939940    0.05287364
   39.44944945    0.05279260
   39.49949950    0.05270685
   39.54954955    0.05263405
   39.59959960    0.05259024
   39.64964965    0.05258726
   39.69969970    0.05263159
   39.74974975    0.05272483
   39.79979980    0.05286607
   39.84984985    0.05305555
   39.89989990    0.05329757
   39.94994995    0.05360060
   40.00000000    0.05397408
