# Final state angular momentum:   1
# Broadening parameter (in eV):    0.200
# Absorbing atom type (xiabs):   2
# Energy (eV)   sigma
  -10.00000000    0.00030019
   -9.94994995    0.00030123
   -9.89989990    0.00030227
   -9.84984985    0.00030332
   -9.79979980    0.00030438
   -9.74974975    0.00030545
   -9.69969970    0.00030652
   -9.64964965    0.00030760
   -9.59959960    0.00030869
   -9.54954955    0.00030979
   -9.49949950    0.00031090
   -9.44944945    0.00031201
   -9.39939940    0.00031313
   -9.34934935    0.00031426
   -9.29929930    0.00031539
   -9.24924925    0.00031654
   -9.19919920    0.00031769
   -9.14914915    0.00031885
   -9.09909910    0.00032002
   -9.04904905    0.00032120
   -8.99899900    0.00032239
   -8.94894895    0.00032358
   -8.89889890    0.00032479
   -8.84884885    0.00032600
   -8.79879880    0.00032722
   -8.74874875    0.00032846
   -8.69869870    0.00032970
   -8.64864865    0.00033095
   -8.59859860    0.00033221
   -8.54854855    0.00033348
   -8.49849850    0.00033476
   -8.44844845    0.00033605
   -8.39839840    0.00033734
   -8.34834835    0.00033865
   -8.29829830    0.00033997
   -8.24824825    0.00034130
   -8.19819820    0.00034264
   -8.14814815    0.00034399
   -8.09809810    0.00034535
   -8.04804805    0.00034672
   -7.99799800    0.00034810
   -7.94794795    0.00034950
   -7.89789790    0.00035090
   -7.84784785    0.00035232
   -7.79779780    0.00035374
   -7.74774775    0.00035518
   -7.69769770    0.00035663
   -7.64764765    0.00035809
   -7.59759760    0.00035956
   -7.54754755    0.00036105
   -7.49749750    0.00036255
   -7.44744745    0.00036406
   -7.39739740    0.00036558
   -7.34734735    0.00036711
   -7.29729730    0.00036866
   -7.24724725    0.00037022
   -7.19719720    0.00037179
   -7.14714715    0.00037338
   -7.09709710    0.00037498
   -7.04704705    0.00037659
   -6.99699700    0.00037822
   -6.94694695    0.00037986
   -6.89689690    0.00038152
   -6.84684685    0.00038319
   -6.79679680    0.00038487
   -6.74674675    0.00038657
   -6.69669670    0.00038828
   -6.64664665    0.00039001
   -6.59659660    0.00039175
   -6.54654655    0.00039351
   -6.49649650    0.00039529
   -6.44644645    0.00039708
   -6.39639640    0.00039888
   -6.34634635    0.00040070
   -6.29629630    0.00040254
   -6.24624625    0.00040440
   -6.19619620    0.00040627
   -6.14614615    0.00040816
   -6.09609610    0.00041007
   -6.04604605    0.00041199
   -5.99599600    0.00041393
   -5.94594595    0.00041589
   -5.89589590    0.00041787
   -5.84584585    0.00041987
   -5.79579580    0.00042188
   -5.74574575    0.00042392
   -5.69569570    0.00042597
   -5.64564565    0.00042804
   -5.59559560    0.00043014
   -5.54554555    0.00043225
   -5.49549550    0.00043438
   -5.44544545    0.00043653
   -5.39539540    0.00043871
   -5.34534535    0.00044091
   -5.29529530    0.00044312
   -5.24524525    0.00044536
   -5.19519520    0.00044762
   -5.14514515    0.00044991
   -5.09509510    0.00045221
   -5.04504505    0.00045454
   -4.99499499    0.00045690
   -4.94494494    0.00045928
   -4.89489489    0.00046168
   -4.84484484    0.00046410
   -4.79479479    0.00046655
   -4.74474474    0.00046903
   -4.69469469    0.00047153
   -4.64464464    0.00047406
   -4.59459459    0.00047661
   -4.54454454    0.00047920
   -4.49449449    0.00048180
   -4.44444444    0.00048444
   -4.39439439    0.00048711
   -4.34434434    0.00048980
   -4.29429429    0.00049252
   -4.24424424    0.00049527
   -4.19419419    0.00049805
   -4.14414414    0.00050087
   -4.09409409    0.00050371
   -4.04404404    0.00050658
   -3.99399399    0.00050949
   -3.94394394    0.00051243
   -3.89389389    0.00051540
   -3.84384384    0.00051840
   -3.79379379    0.00052144
   -3.74374374    0.00052452
   -3.69369369    0.00052763
   -3.64364364    0.00053077
   -3.59359359    0.00053395
   -3.54354354    0.00053717
   -3.49349349    0.00054043
   -3.44344344    0.00054372
   -3.39339339    0.00054706
   -3.34334334    0.00055043
   -3.29329329    0.00055385
   -3.24324324    0.00055730
   -3.19319319    0.00056080
   -3.14314314    0.00056434
   -3.09309309    0.00056792
   -3.04304304    0.00057155
   -2.99299299    0.00057522
   -2.94294294    0.00057894
   -2.89289289    0.00058271
   -2.84284284    0.00058652
   -2.79279279    0.00059038
   -2.74274274    0.00059429
   -2.69269269    0.00059825
   -2.64264264    0.00060227
   -2.59259259    0.00060633
   -2.54254254    0.00061045
   -2.49249249    0.00061462
   -2.44244244    0.00061885
   -2.39239239    0.00062314
   -2.34234234    0.00062748
   -2.29229229    0.00063189
   -2.24224224    0.00063635
   -2.19219219    0.00064088
   -2.14214214    0.00064547
   -2.09209209    0.00065012
   -2.04204204    0.00065484
   -1.99199199    0.00065963
   -1.94194194    0.00066448
   -1.89189189    0.00066941
   -1.84184184    0.00067441
   -1.79179179    0.00067948
   -1.74174174    0.00068463
   -1.69169169    0.00068986
   -1.64164164    0.00069517
   -1.59159159    0.00070056
   -1.54154154    0.00070603
   -1.49149149    0.00071159
   -1.44144144    0.00071724
   -1.39139139    0.00072298
   -1.34134134    0.00072882
   -1.29129129    0.00073475
   -1.24124124    0.00074078
   -1.19119119    0.00074692
   -1.14114114    0.00075317
   -1.09109109    0.00075953
   -1.04104104    0.00076601
   -0.99099099    0.00077261
   -0.94094094    0.00077934
   -0.89089089    0.00078620
   -0.84084084    0.00079320
   -0.79079079    0.00080036
   -0.74074074    0.00080768
   -0.69069069    0.00081517
   -0.64064064    0.00082285
   -0.59059059    0.00083073
   -0.54054054    0.00083884
   -0.49049049    0.00084720
   -0.44044044    0.00085586
   -0.39039039    0.00086485
   -0.34034034    0.00087423
   -0.29029029    0.00088410
   -0.24024024    0.00089455
   -0.19019019    0.00090576
   -0.14014014    0.00091793
   -0.09009009    0.00093122
   -0.04004004    0.00094603
    0.01001001    0.00096258
    0.06006006    0.00098003
    0.11011011    0.00099759
    0.16016016    0.00101488
    0.21021021    0.00103153
    0.26026026    0.00104755
    0.31031031    0.00106294
    0.36036036    0.00107761
    0.41041041    0.00109155
    0.46046046    0.00110507
    0.51051051    0.00111855
    0.56056056    0.00113222
    0.61061061    0.00114618
    0.66066066    0.00116053
    0.71071071    0.00117531
    0.76076076    0.00119046
    0.81081081    0.00120592
    0.86086086    0.00122167
    0.91091091    0.00123755
    0.96096096    0.00125309
    1.01101101    0.00126787
    1.06106106    0.00128200
    1.11111111    0.00129595
    1.16116116    0.00131019
    1.21121121    0.00132488
    1.26126126    0.00133996
    1.31131131    0.00135511
    1.36136136    0.00136992
    1.41141141    0.00138429
    1.46146146    0.00139866
    1.51151151    0.00141377
    1.56156156    0.00143035
    1.61161161    0.00144896
    1.66166166    0.00146983
    1.71171171    0.00149275
    1.76176176    0.00151714
    1.81181181    0.00154242
    1.86186186    0.00156818
    1.91191191    0.00159409
    1.96196196    0.00161974
    2.01201201    0.00164474
    2.06206206    0.00166914
    2.11211211    0.00169352
    2.16216216    0.00171870
    2.21221221    0.00174514
    2.26226226    0.00177265
    2.31231231    0.00180082
    2.36236236    0.00182950
    2.41241241    0.00185892
    2.46246246    0.00188921
    2.51251251    0.00192020
    2.56256256    0.00195187
    2.61261261    0.00198469
    2.66266266    0.00201925
    2.71271271    0.00205578
    2.76276276    0.00209426
    2.81281281    0.00213449
    2.86286286    0.00217572
    2.91291291    0.00221658
    2.96296296    0.00225597
    3.01301301    0.00229352
    3.06306306    0.00232918
    3.11311311    0.00236273
    3.16316316    0.00239463
    3.21321321    0.00242681
    3.26326326    0.00246199
    3.31331331    0.00250242
    3.36336336    0.00254950
    3.41341341    0.00260384
    3.46346346    0.00266535
    3.51351351    0.00273338
    3.56356356    0.00280695
    3.61361361    0.00288487
    3.66366366    0.00296533
    3.71371371    0.00304542
    3.76376376    0.00312174
    3.81381381    0.00319277
    3.86386386    0.00326044
    3.91391391    0.00332888
    3.96396396    0.00340198
    4.01401401    0.00348207
    4.06406406    0.00356996
    4.11411411    0.00366582
    4.16416416    0.00376994
    4.21421421    0.00388261
    4.26426426    0.00400352
    4.31431431    0.00413158
    4.36436436    0.00426553
    4.41441441    0.00440474
    4.46446446    0.00454933
    4.51451451    0.00469967
    4.56456456    0.00485606
    4.61461461    0.00501916
    4.66466466    0.00519057
    4.71471471    0.00537289
    4.76476476    0.00556881
    4.81481481    0.00578011
    4.86486486    0.00600743
    4.91491491    0.00625046
    4.96496496    0.00650830
    5.01501502    0.00678020
    5.06506507    0.00706644
    5.11511512    0.00736846
    5.16516517    0.00768918
    5.21521522    0.00803214
    5.26526527    0.00839871
    5.31531532    0.00878718
    5.36536537    0.00919591
    5.41541542    0.00962742
    5.46546547    0.01008958
    5.51551552    0.01059340
    5.56556557    0.01114922
    5.61561562    0.01176327
    5.66566567    0.01243696
    5.71571572    0.01317005
    5.76576577    0.01396574
    5.81581582    0.01483377
    5.86586587    0.01578980
    5.91591592    0.01685412
    5.96596597    0.01805118
    6.01601602    0.01940714
    6.06606607    0.02094684
    6.11611612    0.02269663
    6.16616617    0.02469461
    6.21621622    0.02699978
    6.26626627    0.02969310
    6.31631632    0.03287506
    6.36636637    0.03666498
    6.41641642    0.04119913
    6.46646647    0.04662626
    6.51651652    0.05310867
    6.56656657    0.06084301
    6.61661662    0.07011123
    6.66666667    0.08134306
    6.71671672    0.09513845
    6.76676677    0.11223660
    6.81681682    0.13351233
    6.86686687    0.16003697
    6.91691692    0.19294011
    6.96696697    0.23245085
    7.01701702    0.27566412
    7.06706707    0.31431150
    7.11711712    0.33670111
    7.16716717    0.33547170
    7.21721722    0.31328390
    7.26726727    0.27976467
    7.31731732    0.24495854
    7.36736737    0.21559389
    7.41741742    0.19455005
    7.46746747    0.18186312
    7.51751752    0.17570875
    7.56756757    0.17281568
    7.61761762    0.16922880
    7.66766767    0.16223465
    7.71771772    0.15176131
    7.76776777    0.13948105
    7.81781782    0.12725570
    7.86786787    0.11643649
    7.91791792    0.10761391
    7.96796797    0.10059254
    8.01801802    0.09462205
    8.06806807    0.08880160
    8.11811812    0.08259548
    8.16816817    0.07614023
    8.21821822    0.06997967
    8.26826827    0.06458437
    8.31831832    0.06017721
    8.36836837    0.05681179
    8.41841842    0.05446520
    8.46846847    0.05307527
    8.51851852    0.05255555
    8.56856857    0.05280858
    8.61861862    0.05372233
    8.66866867    0.05514295
    8.71871872    0.05686733
    8.76876877    0.05871426
    8.81881882    0.06061253
    8.86886887    0.06254583
    8.91891892    0.06443522
    8.96896897    0.06622888
    9.01901902    0.06809404
    9.06906907    0.07031501
    9.11911912    0.07295485
    9.16916917    0.07570481
    9.21921922    0.07809871
    9.26926927    0.07975874
    9.31931932    0.08039525
    9.36936937    0.07990820
    9.41941942    0.07854777
    9.46946947    0.07674906
    9.51951952    0.07495269
    9.56956957    0.07364754
    9.61961962    0.07329275
    9.66966967    0.07403192
    9.71971972    0.07549246
    9.76976977    0.07684622
    9.81981982    0.07724007
    9.86986987    0.07644747
    9.91991992    0.07501314
    9.96996997    0.07368981
   10.02002002    0.07295225
   10.07007007    0.07295091
   10.12012012    0.07360302
   10.17017017    0.07462240
   10.22022022    0.07557017
   10.27027027    0.07603521
   10.32032032    0.07586214
   10.37037037    0.07523238
   10.42042042    0.07452599
   10.47047047    0.07405409
   10.52052052    0.07386418
   10.57057057    0.07381348
   10.62062062    0.07384181
   10.67067067    0.07408872
   10.72072072    0.07473275
   10.77077077    0.07578730
   10.82082082    0.07704165
   10.87087087    0.07823586
   10.92092092    0.07924554
   10.97097097    0.08008487
   11.02102102    0.08091656
   11.07107107    0.08198591
   11.12112112    0.08336341
   11.17117117    0.08481808
   11.22122122    0.08599542
   11.27127127    0.08666536
   11.32132132    0.08679343
   11.37137137    0.08653902
   11.42142142    0.08626561
   11.47147147    0.08638243
   11.52152152    0.08708394
   11.57157157    0.08826127
   11.62162162    0.08960204
   11.67167167    0.09074018
   11.72172172    0.09141332
   11.77177177    0.09161280
   11.82182182    0.09160094
   11.87187187    0.09172747
   11.92192192    0.09223029
   11.97197197    0.09316657
   12.02202202    0.09442361
   12.07207207    0.09580748
   12.12212212    0.09718327
   12.17217217    0.09854579
   12.22222222    0.09998039
   12.27227227    0.10151127
   12.32232232    0.10294775
   12.37237237    0.10390239
   12.42242242    0.10397052
   12.47247247    0.10300211
   12.52252252    0.10123464
   12.57257257    0.09904712
   12.62262262    0.09671213
   12.67267267    0.09441631
   12.72272272    0.09230874
   12.77277277    0.09049662
   12.82282282    0.08904729
   12.87287287    0.08793248
   12.92292292    0.08693067
   12.97297297    0.08568188
   13.02302302    0.08397881
   13.07307307    0.08197910
   13.12312312    0.08004434
   13.17317317    0.07843710
   13.22322322    0.07718853
   13.27327327    0.07614630
   13.32332332    0.07510555
   13.37337337    0.07394926
   13.42342342    0.07270734
   13.47347347    0.07149031
   13.52352352    0.07039488
   13.57357357    0.06948054
   13.62362362    0.06878983
   13.67367367    0.06834734
   13.72372372    0.06812460
   13.77377377    0.06800783
   13.82382382    0.06781998
   13.87387387    0.06741479
   13.92392392    0.06677067
   13.97397397    0.06597973
   14.02402402    0.06516092
   14.07407407    0.06441458
   14.12412412    0.06383930
   14.17417417    0.06354650
   14.22422422    0.06364224
   14.27427427    0.06419788
   14.32432432    0.06522621
   14.37437437    0.06666682
   14.42442442    0.06837982
   14.47447447    0.07014524
   14.52452452    0.07167635
   14.57457457    0.07266843
   14.62462462    0.07289516
   14.67467467    0.07232806
   14.72472472    0.07120414
   14.77477477    0.06995331
   14.82482482    0.06901297
   14.87487487    0.06866614
   14.92492492    0.06896841
   14.97497497    0.06976179
   15.02502503    0.07082046
   15.07507508    0.07206240
   15.12512513    0.07353929
   15.17517518    0.07521934
   15.22522523    0.07688494
   15.27527528    0.07822760
   15.32532533    0.07903141
   15.37537538    0.07929807
   15.42542543    0.07922361
   15.47547548    0.07910255
   15.52552553    0.07924011
   15.57557558    0.07988236
   15.62562563    0.08117170
   15.67567568    0.08313315
   15.72572573    0.08568570
   15.77577578    0.08867204
   15.82582583    0.09189221
   15.87587588    0.09510927
   15.92592593    0.09802673
   15.97597598    0.10031506
   16.02602603    0.10172926
   16.07607608    0.10221242
   16.12612613    0.10188435
   16.17617618    0.10095456
   16.22622623    0.09962516
   16.27627628    0.09800951
   16.32632633    0.09610032
   16.37637638    0.09381895
   16.42642643    0.09112200
   16.47647648    0.08808621
   16.52652653    0.08490623
   16.57657658    0.08181920
   16.62662663    0.07902385
   16.67667668    0.07663832
   16.72672673    0.07469982
   16.77677678    0.07319020
   16.82682683    0.07206570
   16.87687688    0.07127017
   16.92692693    0.07072386
   16.97697698    0.07030150
   17.02702703    0.06982934
   17.07707708    0.06912506
   17.12712713    0.06806726
   17.17717718    0.06665000
   17.22722723    0.06499106
   17.27727728    0.06328820
   17.32732733    0.06174650
   17.37737738    0.06052239
   17.42742743    0.05970418
   17.47747748    0.05931670
   17.52752753    0.05933319
   17.57757758    0.05968820
   17.62762763    0.06029623
   17.67767768    0.06107779
   17.72772773    0.06197635
   17.77777778    0.06294700
   17.82782783    0.06392995
   17.87787788    0.06484638
   17.92792793    0.06563290
   17.97797798    0.06628742
   18.02802803    0.06688971
   18.07807808    0.06758402
   18.12812813    0.06852853
   18.17817818    0.06982812
   18.22822823    0.07148799
   18.27827828    0.07343413
   18.32832833    0.07558567
   18.37837838    0.07788226
   18.42842843    0.08024916
   18.47847848    0.08257905
   18.52852853    0.08473287
   18.57857858    0.08651685
   18.62862863    0.08768852
   18.67867868    0.08807000
   18.72872873    0.08767022
   18.77877878    0.08667823
   18.82882883    0.08539163
   18.87887888    0.08414485
   18.92892893    0.08320840
   18.97897898    0.08271323
   19.02902903    0.08266095
   19.07907908    0.08298333
   19.12912913    0.08359533
   19.17917918    0.08441535
   19.22922923    0.08534846
   19.27927928    0.08624959
   19.32932933    0.08690254
   19.37937938    0.08704245
   19.42942943    0.08640752
   19.47947948    0.08479357
   19.52952953    0.08213879
   19.57957958    0.07864040
   19.62962963    0.07476049
   19.67967968    0.07104313
   19.72972973    0.06790343
   19.77977978    0.06554168
   19.82982983    0.06396874
   19.87987988    0.06306960
   19.92992993    0.06266662
   19.97997998    0.06257468
   20.03003003    0.06264050
   20.08008008    0.06275839
   20.13013013    0.06286523
   20.18018018    0.06292054
   20.23023023    0.06288251
   20.28028028    0.06269929
   20.33033033    0.06232731
   20.38038038    0.06176502
   20.43043043    0.06107769
   20.48048048    0.06039432
   20.53053053    0.05987088
   20.58058058    0.05963615
   20.63063063    0.05975373
   20.68068068    0.06021817
   20.73073073    0.06097582
   20.78078078    0.06195222
   20.83083083    0.06306957
   20.88088088    0.06424720
   20.93093093    0.06539987
   20.98098098    0.06646304
   21.03103103    0.06744005
   21.08108108    0.06840928
   21.13113113    0.06946247
   21.18118118    0.07062614
   21.23123123    0.07182244
   21.28128128    0.07289178
   21.33133133    0.07366787
   21.38138138    0.07406061
   21.43143143    0.07409291
   21.48148148    0.07387108
   21.53153153    0.07351862
   21.58158158    0.07312305
   21.63163163    0.07271942
   21.68168168    0.07230046
   21.73173173    0.07183999
   21.78178178    0.07132133
   21.83183183    0.07075380
   21.88188188    0.07016196
   21.93193193    0.06955898
   21.98198198    0.06893369
   22.03203203    0.06827086
   22.08208208    0.06759236
   22.13213213    0.06697746
   22.18218218    0.06654029
   22.23223223    0.06639031
   22.28228228    0.06660838
   22.33233233    0.06724048
   22.38238238    0.06828869
   22.43243243    0.06968109
   22.48248248    0.07123371
   22.53253253    0.07265888
   22.58258258    0.07366208
   22.63263263    0.07407971
   22.68268268    0.07395454
   22.73273273    0.07350038
   22.78278278    0.07298620
   22.83283283    0.07261337
   22.88288288    0.07245834
   22.93293293    0.07248728
   22.98298298    0.07259443
   23.03303303    0.07262673
   23.08308308    0.07240088
   23.13313313    0.07173684
   23.18318318    0.07050863
   23.23323323    0.06869154
   23.28328328    0.06638905
   23.33333333    0.06382721
   23.38338338    0.06130257
   23.43343343    0.05909829
   23.48348348    0.05741157
   23.53353353    0.05631837
   23.58358358    0.05577161
   23.63363363    0.05562708
   23.68368368    0.05569483
   23.73373373    0.05579601
   23.78378378    0.05579175
   23.83383383    0.05557854
   23.88388388    0.05507766
   23.93393393    0.05423723
   23.98398398    0.05304142
   24.03403403    0.05151698
   24.08408408    0.04973398
   24.13413413    0.04780247
   24.18418418    0.04586453
   24.23423423    0.04407308
   24.28428428    0.04255630
   24.33433433    0.04138551
   24.38438438    0.04056403
   24.43443443    0.04003532
   24.48448448    0.03970023
   24.53453453    0.03943409
   24.58458458    0.03910048
   24.63463463    0.03856786
   24.68468468    0.03774470
   24.73473473    0.03663375
   24.78478478    0.03535503
   24.83483483    0.03408830
   24.88488488    0.03298503
   24.93493493    0.03212767
   24.98498498    0.03153754
   25.03503504    0.03119675
   25.08508509    0.03106585
   25.13513514    0.03109344
   25.18518519    0.03121944
   25.23523524    0.03137745
   25.28528529    0.03150310
   25.33533534    0.03154844
   25.38538539    0.03149525
   25.43543544    0.03135851
   25.48548549    0.03117718
   25.53553554    0.03099740
   25.58558559    0.03085752
   25.63563564    0.03078211
   25.68568569    0.03078418
   25.73573574    0.03086983
   25.78578579    0.03104043
   25.83583584    0.03129152
   25.88588589    0.03160959
   25.93593594    0.03196796
   25.98598599    0.03232464
   26.03603604    0.03262770
   26.08608609    0.03283088
   26.13613614    0.03291045
   26.18618619    0.03286919
   26.23623624    0.03272769
   26.28628629    0.03251530
   26.33633634    0.03226458
   26.38638639    0.03200424
   26.43643644    0.03175037
   26.48648649    0.03150167
   26.53653654    0.03124171
   26.58658659    0.03094710
   26.63663664    0.03059721
   26.68668669    0.03018208
   26.73673674    0.02970849
   26.78678679    0.02920277
   26.83683684    0.02870620
   26.88688689    0.02826110
   26.93693694    0.02789397
   26.98698699    0.02760453
   27.03703704    0.02736600
   27.08708709    0.02713754
   27.13713714    0.02688586
   27.18718719    0.02660528
   27.23723724    0.02632042
   27.28728729    0.02607143
   27.33733734    0.02589835
   27.38738739    0.02583278
   27.43743744    0.02589249
   27.48748749    0.02607559
   27.53753754    0.02635638
   27.58758759    0.02668769
   27.63763764    0.02701256
   27.68768769    0.02728312
   27.73773774    0.02747591
   27.78778779    0.02759073
   27.83783784    0.02763440
   27.88788789    0.02760711
   27.93793794    0.02750239
   27.98798799    0.02731225
   28.03803804    0.02702607
   28.08808809    0.02662585
   28.13813814    0.02609060
   28.18818819    0.02541257
   28.23823824    0.02461009
   28.28828829    0.02372353
   28.33833834    0.02279871
   28.38838839    0.02187216
   28.43843844    0.02096777
   28.48848849    0.02010232
   28.53853854    0.01929161
   28.58858859    0.01855216
   28.63863864    0.01789892
   28.68868869    0.01734160
   28.73873874    0.01688237
   28.78878879    0.01651574
   28.83883884    0.01623077
   28.88888889    0.01601429
   28.93893894    0.01585353
   28.98898899    0.01573648
   29.03903904    0.01565040
   29.08908909    0.01558075
   29.13913914    0.01551260
   29.18918919    0.01543385
   29.23923924    0.01533735
   29.28928929    0.01522080
   29.33933934    0.01508523
   29.38938939    0.01493356
   29.43943944    0.01476950
   29.48948949    0.01459634
   29.53953954    0.01441604
   29.58958959    0.01422860
   29.63963964    0.01403179
   29.68968969    0.01382208
   29.73973974    0.01359775
   29.78978979    0.01336335
   29.83983984    0.01313066
   29.88988989    0.01291382
   29.93993994    0.01272297
   29.98998999    0.01256165
   30.04004004    0.01242839
   30.09009009    0.01231942
   30.14014014    0.01223077
   30.19019019    0.01215912
   30.24024024    0.01210142
   30.29029029    0.01205487
   30.34034034    0.01201805
   30.39039039    0.01199154
   30.44044044    0.01197669
   30.49049049    0.01197294
   30.54054054    0.01197585
   30.59059059    0.01197686
   30.64064064    0.01196475
   30.69069069    0.01192841
   30.74074074    0.01186038
   30.79079079    0.01175971
   30.84084084    0.01163242
   30.89089089    0.01148936
   30.94094094    0.01134275
   30.99099099    0.01120365
   31.04104104    0.01108092
   31.09109109    0.01098146
   31.14114114    0.01091078
   31.19119119    0.01087305
   31.24124124    0.01087062
   31.29129129    0.01090310
   31.34134134    0.01096674
   31.39139139    0.01105459
   31.44144144    0.01115724
   31.49149149    0.01126394
   31.54154154    0.01136393
   31.59159159    0.01144779
   31.64164164    0.01150865
   31.69169169    0.01154304
   31.74174174    0.01155090
   31.79179179    0.01153490
   31.84184184    0.01149920
   31.89189189    0.01144860
   31.94194194    0.01138869
   31.99199199    0.01132709
   32.04204204    0.01127462
   32.09209209    0.01124417
   32.14214214    0.01124739
   32.19219219    0.01129102
   32.24224224    0.01137524
   32.29229229    0.01149396
   32.34234234    0.01163660
   32.39239239    0.01179040
   32.44244244    0.01194263
   32.49249249    0.01208229
   32.54254254    0.01220109
   32.59259259    0.01229385
   32.64264264    0.01235843
   32.69269269    0.01239553
   32.74274274    0.01240863
   32.79279279    0.01240413
   32.84284284    0.01239109
   32.89289289    0.01237984
   32.94294294    0.01237920
   32.99299299    0.01239306
   33.04304304    0.01241843
   33.09309309    0.01244652
   33.14314314    0.01246666
   33.19319319    0.01247041
   33.24324324    0.01245340
   33.29329329    0.01241616
   33.34334334    0.01236480
   33.39339339    0.01231044
   33.44344344    0.01226671
   33.49349349    0.01224640
   33.54354354    0.01225874
   33.59359359    0.01230791
   33.64364364    0.01239268
   33.69369369    0.01250691
   33.74374374    0.01264134
   33.79379379    0.01278633
   33.84384384    0.01293499
   33.89389389    0.01308516
   33.94394394    0.01323932
   33.99399399    0.01340271
   34.04404404    0.01358042
   34.09409409    0.01377482
   34.14414414    0.01398423
   34.19419419    0.01420331
   34.24424424    0.01442490
   34.29429429    0.01464218
   34.34434434    0.01485039
   34.39439439    0.01504735
   34.44444444    0.01523314
   34.49449449    0.01540881
   34.54454454    0.01557440
   34.59459459    0.01572684
   34.64464464    0.01585994
   34.69469469    0.01596780
   34.74474474    0.01604965
   34.79479479    0.01611246
   34.84484484    0.01616899
   34.89489489    0.01623311
   34.94494494    0.01631551
   34.99499499    0.01642197
   35.04504505    0.01655368
   35.09509510    0.01670876
   35.14514515    0.01688369
   35.19519520    0.01707434
   35.24524525    0.01727627
   35.29529530    0.01748470
   35.34534535    0.01769455
   35.39539540    0.01790074
   35.44544545    0.01809880
   35.49549550    0.01828572
   35.54554555    0.01846055
   35.59559560    0.01862450
   35.64564565    0.01878041
   35.69569570    0.01893212
   35.74574575    0.01908414
   35.79579580    0.01924155
   35.84584585    0.01940977
   35.89589590    0.01959402
   35.94594595    0.01979909
   35.99599600    0.02002903
   36.04604605    0.02028609
   36.09609610    0.02056905
   36.14614615    0.02087214
   36.19619620    0.02118589
   36.24624625    0.02149964
   36.29629630    0.02180508
   36.34634635    0.02210035
   36.39639640    0.02239290
   36.44644645    0.02269869
   36.49649650    0.02303711
   36.54654655    0.02342446
   36.59659660    0.02386912
   36.64664665    0.02436998
   36.69669670    0.02491740
   36.74674675    0.02549634
   36.79679680    0.02609051
   36.84684685    0.02668612
   36.89689690    0.02727346
   36.94694695    0.02784563
   36.99699700    0.02839578
   37.04704705    0.02891491
   37.09709710    0.02939126
   37.14714715    0.02981188
   37.19719720    0.03016632
   37.24724725    0.03045110
   37.29729730    0.03067181
   37.34734735    0.03084046
   37.39739740    0.03097020
   37.44744745    0.03107170
   37.49749750    0.03115330
   37.54754755    0.03122400
   37.59759760    0.03129668
   37.64764765    0.03139001
   37.69769770    0.03152787
   37.74774775    0.03173642
   37.79779780    0.03203952
   37.84784785    0.03245416
   37.89789790    0.03298721
   37.94794795    0.03363433
   37.99799800    0.03438087
   38.04804805    0.03520385
   38.09809810    0.03607394
   38.14814815    0.03695618
   38.19819820    0.03781060
   38.24824825    0.03859455
   38.29829830    0.03926865
   38.34834835    0.03980527
   38.39839840    0.04019626
   38.44844845    0.04045624
   38.49849850    0.04061885
   38.54854855    0.04072750
   38.59859860    0.04082477
   38.64864865    0.04094399
   38.69869870    0.04110430
   38.74874875    0.04131052
   38.79879880    0.04155875
   38.84884885    0.04184571
   38.89889890    0.04217480
   38.94894895    0.04255397
   38.99899900    0.04298865
   39.04904905    0.04347678
   39.09909910    0.04400811
   39.14914915    0.04456591
   39.19919920    0.04513106
   39.24924925    0.04569051
   39.29929930    0.04624777
   39.34934935    0.04682740
   39.39939940    0.04746875
   39.44944945    0.04821334
   39.49949950    0.04909335
   39.54954955    0.05012419
   39.59959960    0.05130070
   39.64964965    0.05259640
   39.69969970    0.05396640
   39.74974975    0.05535394
   39.79979980    0.05669784
   39.84984985    0.05793681
   39.89989990    0.05901080
   39.94994995    0.05986402
   40.00000000    0.06045372
