# Final state angular momentum:   1
# Broadening parameter (in eV):    0.200
# Absorbing atom type (xiabs):   2
# Energy (eV)   sigma
  -10.00000000    0.00030734
   -9.94994995    0.00030844
   -9.89989990    0.00030955
   -9.84984985    0.00031066
   -9.79979980    0.00031179
   -9.74974975    0.00031292
   -9.69969970    0.00031406
   -9.64964965    0.00031521
   -9.59959960    0.00031636
   -9.54954955    0.00031753
   -9.49949950    0.00031870
   -9.44944945    0.00031988
   -9.39939940    0.00032107
   -9.34934935    0.00032227
   -9.29929930    0.00032348
   -9.24924925    0.00032470
   -9.19919920    0.00032593
   -9.14914915    0.00032716
   -9.09909910    0.00032841
   -9.04904905    0.00032966
   -8.99899900    0.00033093
   -8.94894895    0.00033220
   -8.89889890    0.00033349
   -8.84884885    0.00033478
   -8.79879880    0.00033609
   -8.74874875    0.00033740
   -8.69869870    0.00033873
   -8.64864865    0.00034006
   -8.59859860    0.00034141
   -8.54854855    0.00034277
   -8.49849850    0.00034413
   -8.44844845    0.00034551
   -8.39839840    0.00034690
   -8.34834835    0.00034830
   -8.29829830    0.00034972
   -8.24824825    0.00035114
   -8.19819820    0.00035257
   -8.14814815    0.00035402
   -8.09809810    0.00035548
   -8.04804805    0.00035695
   -7.99799800    0.00035844
   -7.94794795    0.00035993
   -7.89789790    0.00036144
   -7.84784785    0.00036296
   -7.79779780    0.00036449
   -7.74774775    0.00036604
   -7.69769770    0.00036760
   -7.64764765    0.00036917
   -7.59759760    0.00037076
   -7.54754755    0.00037236
   -7.49749750    0.00037397
   -7.44744745    0.00037560
   -7.39739740    0.00037724
   -7.34734735    0.00037890
   -7.29729730    0.00038057
   -7.24724725    0.00038226
   -7.19719720    0.00038396
   -7.14714715    0.00038567
   -7.09709710    0.00038740
   -7.04704705    0.00038915
   -6.99699700    0.00039091
   -6.94694695    0.00039269
   -6.89689690    0.00039449
   -6.84684685    0.00039630
   -6.79679680    0.00039813
   -6.74674675    0.00039997
   -6.69669670    0.00040183
   -6.64664665    0.00040371
   -6.59659660    0.00040561
   -6.54654655    0.00040752
   -6.49649650    0.00040946
   -6.44644645    0.00041141
   -6.39639640    0.00041338
   -6.34634635    0.00041536
   -6.29629630    0.00041737
   -6.24624625    0.00041940
   -6.19619620    0.00042144
   -6.14614615    0.00042351
   -6.09609610    0.00042560
   -6.04604605    0.00042770
   -5.99599600    0.00042983
   -5.94594595    0.00043198
   -5.89589590    0.00043415
   -5.84584585    0.00043635
   -5.79579580    0.00043856
   -5.74574575    0.00044080
   -5.69569570    0.00044306
   -5.64564565    0.00044534
   -5.59559560    0.00044765
   -5.54554555    0.00044998
   -5.49549550    0.00045233
   -5.44544545    0.00045472
   -5.39539540    0.00045712
   -5.34534535    0.00045955
   -5.29529530    0.00046201
   -5.24524525    0.00046449
   -5.19519520    0.00046700
   -5.14514515    0.00046954
   -5.09509510    0.00047210
   -5.04504505    0.00047470
   -4.99499499    0.00047732
   -4.94494494    0.00047997
   -4.89489489    0.00048265
   -4.84484484    0.00048536
   -4.79479479    0.00048810
   -4.74474474    0.00049087
   -4.69469469    0.00049368
   -4.64464464    0.00049651
   -4.59459459    0.00049938
   -4.54454454    0.00050229
   -4.49449449    0.00050522
   -4.44444444    0.00050820
   -4.39439439    0.00051120
   -4.34434434    0.00051425
   -4.29429429    0.00051733
   -4.24424424    0.00052045
   -4.19419419    0.00052360
   -4.14414414    0.00052680
   -4.09409409    0.00053003
   -4.04404404    0.00053331
   -3.99399399    0.00053662
   -3.94394394    0.00053998
   -3.89389389    0.00054339
   -3.84384384    0.00054683
   -3.79379379    0.00055033
   -3.74374374    0.00055386
   -3.69369369    0.00055745
   -3.64364364    0.00056108
   -3.59359359    0.00056476
   -3.54354354    0.00056849
   -3.49349349    0.00057228
   -3.44344344    0.00057611
   -3.39339339    0.00058000
   -3.34334334    0.00058395
   -3.29329329    0.00058795
   -3.24324324    0.00059201
   -3.19319319    0.00059613
   -3.14314314    0.00060031
   -3.09309309    0.00060455
   -3.04304304    0.00060886
   -2.99299299    0.00061323
   -2.94294294    0.00061767
   -2.89289289    0.00062218
   -2.84284284    0.00062676
   -2.79279279    0.00063141
   -2.74274274    0.00063614
   -2.69269269    0.00064095
   -2.64264264    0.00064584
   -2.59259259    0.00065082
   -2.54254254    0.00065588
   -2.49249249    0.00066103
   -2.44244244    0.00066627
   -2.39239239    0.00067160
   -2.34234234    0.00067704
   -2.29229229    0.00068257
   -2.24224224    0.00068822
   -2.19219219    0.00069397
   -2.14214214    0.00069985
   -2.09209209    0.00070584
   -2.04204204    0.00071195
   -1.99199199    0.00071820
   -1.94194194    0.00072459
   -1.89189189    0.00073112
   -1.84184184    0.00073781
   -1.79179179    0.00074465
   -1.74174174    0.00075166
   -1.69169169    0.00075886
   -1.64164164    0.00076624
   -1.59159159    0.00077382
   -1.54154154    0.00078162
   -1.49149149    0.00078965
   -1.44144144    0.00079793
   -1.39139139    0.00080647
   -1.34134134    0.00081530
   -1.29129129    0.00082444
   -1.24124124    0.00083392
   -1.19119119    0.00084376
   -1.14114114    0.00085402
   -1.09109109    0.00086472
   -1.04104104    0.00087593
   -0.99099099    0.00088769
   -0.94094094    0.00090008
   -0.89089089    0.00091318
   -0.84084084    0.00092709
   -0.79079079    0.00094193
   -0.74074074    0.00095786
   -0.69069069    0.00097505
   -0.64064064    0.00099375
   -0.59059059    0.00101424
   -0.54054054    0.00103692
   -0.49049049    0.00106228
   -0.44044044    0.00109098
   -0.39039039    0.00112391
   -0.34034034    0.00116229
   -0.29029029    0.00120778
   -0.24024024    0.00126265
   -0.19019019    0.00132996
   -0.14014014    0.00141353
   -0.09009009    0.00151547
   -0.04004004    0.00163964
    0.01001001    0.00178891
    0.06006006    0.00195032
    0.11011011    0.00211183
    0.16016016    0.00226817
    0.21021021    0.00241117
    0.26026026    0.00254117
    0.31031031    0.00266469
    0.36036036    0.00278507
    0.41041041    0.00289501
    0.46046046    0.00298138
    0.51051051    0.00303168
    0.56056056    0.00303340
    0.61061061    0.00298131
    0.66066066    0.00288960
    0.71071071    0.00278733
    0.76076076    0.00270113
    0.81081081    0.00264383
    0.86086086    0.00261379
    0.91091091    0.00260032
    0.96096096    0.00259109
    1.01101101    0.00257794
    1.06106106    0.00255831
    1.11111111    0.00253412
    1.16116116    0.00250993
    1.21121121    0.00249014
    1.26126126    0.00247713
    1.31131131    0.00247138
    1.36136136    0.00247291
    1.41141141    0.00248204
    1.46146146    0.00249859
    1.51151151    0.00252046
    1.56156156    0.00254357
    1.61161161    0.00256392
    1.66166166    0.00257978
    1.71171171    0.00259201
    1.76176176    0.00260272
    1.81181181    0.00261388
    1.86186186    0.00262650
    1.91191191    0.00264076
    1.96196196    0.00265703
    2.01201201    0.00267556
    2.06206206    0.00269574
    2.11211211    0.00271658
    2.16216216    0.00273739
    2.21221221    0.00275773
    2.26226226    0.00277752
    2.31231231    0.00279731
    2.36236236    0.00281792
    2.41241241    0.00283990
    2.46246246    0.00286418
    2.51251251    0.00289292
    2.56256256    0.00292870
    2.61261261    0.00297283
    2.66266266    0.00302462
    2.71271271    0.00308105
    2.76276276    0.00313722
    2.81281281    0.00318833
    2.86286286    0.00323206
    2.91291291    0.00326911
    2.96296296    0.00330173
    3.01301301    0.00333246
    3.06306306    0.00336440
    3.11311311    0.00340142
    3.16316316    0.00344728
    3.21321321    0.00350430
    3.26326326    0.00357301
    3.31331331    0.00365223
    3.36336336    0.00373884
    3.41341341    0.00382771
    3.46346346    0.00391287
    3.51351351    0.00399025
    3.56356356    0.00406045
    3.61361361    0.00412842
    3.66366366    0.00419997
    3.71371371    0.00427873
    3.76376376    0.00436545
    3.81381381    0.00445918
    3.86386386    0.00455824
    3.91391391    0.00466062
    3.96396396    0.00476437
    4.01401401    0.00486848
    4.06406406    0.00497333
    4.11411411    0.00508050
    4.16416416    0.00519213
    4.21421421    0.00531026
    4.26426426    0.00543671
    4.31431431    0.00557307
    4.36436436    0.00572062
    4.41441441    0.00588026
    4.46446446    0.00605251
    4.51451451    0.00623777
    4.56456456    0.00643673
    4.61461461    0.00665102
    4.66466466    0.00688382
    4.71471471    0.00713991
    4.76476476    0.00742483
    4.81481481    0.00774322
    4.86486486    0.00809704
    4.91491491    0.00848542
    4.96496496    0.00890668
    5.01501502    0.00936109
    5.06506507    0.00985087
    5.11511512    0.01037761
    5.16516517    0.01094008
    5.21521522    0.01153479
    5.26526527    0.01215932
    5.31531532    0.01281679
    5.36536537    0.01351815
    5.41541542    0.01427998
    5.46546547    0.01512005
    5.51551552    0.01605400
    5.56556557    0.01709396
    5.61561562    0.01824831
    5.66566567    0.01952402
    5.71571572    0.02093237
    5.76576577    0.02249544
    5.81581582    0.02425001
    5.86586587    0.02624837
    5.91591592    0.02855727
    5.96596597    0.03125514
    6.01601602    0.03442915
    6.06606607    0.03817346
    6.11611612    0.04258579
    6.16616617    0.04775761
    6.21621622    0.05375841
    6.26626627    0.06062700
    6.31631632    0.06839517
    6.36636637    0.07715877
    6.41641642    0.08716733
    6.46646647    0.09885778
    6.51651652    0.11277543
    6.56656657    0.12942599
    6.61661662    0.14918850
    6.66666667    0.17237760
    6.71671672    0.19934226
    6.76676677    0.23024854
    6.81681682    0.26421134
    6.86686687    0.29796528
    6.91691692    0.32530456
    6.96696697    0.33900995
    7.01701702    0.33483517
    7.06706707    0.31421564
    7.11711712    0.28317173
    7.16716717    0.24880835
    7.21721722    0.21667126
    7.26726727    0.18996665
    7.31731732    0.16987500
    7.36736737    0.15621976
    7.41741742    0.14799952
    7.46746747    0.14364614
    7.51751752    0.14129048
    7.56756757    0.13921862
    7.61761762    0.13620590
    7.66766767    0.13161761
    7.71771772    0.12546736
    7.76776777    0.11833717
    7.81781782    0.11105458
    7.86786787    0.10430548
    7.91791792    0.09839738
    7.96796797    0.09321143
    8.01801802    0.08831104
    8.06806807    0.08323410
    8.11811812    0.07785660
    8.16816817    0.07245949
    8.21821822    0.06745872
    8.26826827    0.06317604
    8.31831832    0.05979118
    8.36836837    0.05737302
    8.41841842    0.05591677
    8.46846847    0.05537179
    8.51851852    0.05565944
    8.56856857    0.05667828
    8.61861862    0.05829297
    8.66866867    0.06031639
    8.71871872    0.06251421
    8.76876877    0.06465045
    8.81881882    0.06653860
    8.86886887    0.06807648
    8.91891892    0.06931008
    8.96896897    0.07045745
    9.01901902    0.07174987
    9.06906907    0.07320334
    9.11911912    0.07456271
    9.16916917    0.07546942
    9.21921922    0.07564998
    9.26926927    0.07499714
    9.31931932    0.07365449
    9.36936937    0.07200498
    9.41941942    0.07046365
    9.46946947    0.06932080
    9.51951952    0.06875438
    9.56956957    0.06885845
    9.61961962    0.06957946
    9.66966967    0.07064223
    9.71971972    0.07158945
    9.76976977    0.07198686
    9.81981982    0.07170392
    9.86986987    0.07100991
    9.91991992    0.07035893
    9.96996997    0.07010658
   10.02002002    0.07038861
   10.07007007    0.07110979
   10.12012012    0.07197258
   10.17017017    0.07259599
   10.22022022    0.07272375
   10.27027027    0.07237992
   10.32032032    0.07183850
   10.37037037    0.07143219
   10.42042042    0.07134899
   10.47047047    0.07155272
   10.52052052    0.07187039
   10.57057057    0.07217545
   10.62062062    0.07249859
   10.67067067    0.07295185
   10.72072072    0.07355054
   10.77077077    0.07414145
   10.82082082    0.07453160
   10.87087087    0.07464696
   10.92092092    0.07458174
   10.97097097    0.07457570
   11.02102102    0.07486993
   11.07107107    0.07550350
   11.12112112    0.07626687
   11.17117117    0.07685375
   11.22122122    0.07706518
   11.27127127    0.07689775
   11.32132132    0.07650089
   11.37137137    0.07609836
   11.42142142    0.07588340
   11.47147147    0.07591864
   11.52152152    0.07613528
   11.57157157    0.07641658
   11.62162162    0.07667972
   11.67167167    0.07692694
   11.72172172    0.07725242
   11.77177177    0.07777840
   11.82182182    0.07855296
   11.87187187    0.07949240
   11.92192192    0.08041403
   11.97197197    0.08113427
   12.02202202    0.08156076
   12.07207207    0.08172199
   12.12212212    0.08173554
   12.17217217    0.08174414
   12.22222222    0.08184246
   12.27227227    0.08201353
   12.32232232    0.08211004
   12.37237237    0.08191621
   12.42242242    0.08126887
   12.47247247    0.08014536
   12.52252252    0.07865613
   12.57257257    0.07698487
   12.62262262    0.07533173
   12.67267267    0.07386027
   12.72272272    0.07265788
   12.77277277    0.07173880
   12.82282282    0.07108540
   12.87287287    0.07068800
   12.92292292    0.07055158
   12.97297297    0.07067480
   13.02302302    0.07102729
   13.07307307    0.07154067
   13.12312312    0.07211608
   13.17317317    0.07264401
   13.22322322    0.07302693
   13.27327327    0.07319899
   13.32332332    0.07314303
   13.37337337    0.07289835
   13.42342342    0.07253935
   13.47347347    0.07213232
   13.52352352    0.07171415
   13.57357357    0.07130742
   13.62362362    0.07094182
   13.67367367    0.07065942
   13.72372372    0.07050614
   13.77377377    0.07050891
   13.82382382    0.07064520
   13.87387387    0.07083591
   13.92392392    0.07098045
   13.97397397    0.07101032
   14.02402402    0.07092954
   14.07407407    0.07082404
   14.12412412    0.07083212
   14.17417417    0.07109206
   14.22422422    0.07169469
   14.27427427    0.07264863
   14.32432432    0.07385970
   14.37437437    0.07515061
   14.42442442    0.07634373
   14.47447447    0.07734349
   14.52452452    0.07812864
   14.57457457    0.07870361
   14.62462462    0.07909283
   14.67467467    0.07934766
   14.72472472    0.07952376
   14.77477477    0.07964589
   14.82482482    0.07970163
   14.87487487    0.07969195
   14.92492492    0.07970057
   14.97497497    0.07989262
   15.02502503    0.08042539
   15.07507508    0.08135072
   15.12512513    0.08258074
   15.17517518    0.08393419
   15.22522523    0.08523493
   15.27527528    0.08638952
   15.32532533    0.08739350
   15.37537538    0.08829119
   15.42542543    0.08913938
   15.47547548    0.09000471
   15.52552553    0.09097575
   15.57557558    0.09215310
   15.62562563    0.09361704
   15.67567568    0.09539206
   15.72572573    0.09741599
   15.77577578    0.09952103
   15.82582583    0.10145013
   15.87587588    0.10292701
   15.92592593    0.10375372
   15.97597598    0.10386984
   16.02602603    0.10333092
   16.07607608    0.10223507
   16.12612613    0.10066914
   16.17617618    0.09870356
   16.22622623    0.09640706
   16.27627628    0.09385580
   16.32632633    0.09113507
   16.37637638    0.08833584
   16.42642643    0.08554855
   16.47647648    0.08285598
   16.52652653    0.08032737
   16.57657658    0.07801784
   16.62662663    0.07597292
   16.67667668    0.07423248
   16.72672673    0.07282894
   16.77677678    0.07177891
   16.82682683    0.07107095
   16.87687688    0.07065364
   16.92692693    0.07042824
   16.97697698    0.07025278
   17.02702703    0.06996766
   17.07707708    0.06944567
   17.12712713    0.06864367
   17.17717718    0.06761672
   17.22722723    0.06648410
   17.27727728    0.06537891
   17.32732733    0.06441319
   17.37737738    0.06366483
   17.42742743    0.06317724
   17.47747748    0.06296222
   17.52752753    0.06300229
   17.57757758    0.06325489
   17.62762763    0.06366330
   17.67767768    0.06417297
   17.72772773    0.06474553
   17.77777778    0.06536379
   17.82782783    0.06602683
   17.87787788    0.06674275
   17.92792793    0.06752875
   17.97797798    0.06841614
   18.02802803    0.06944676
   18.07807808    0.07065468
   18.12812813    0.07204316
   18.17817818    0.07357369
   18.22822823    0.07517385
   18.27827828    0.07675707
   18.32832833    0.07824335
   18.37837838    0.07956740
   18.42842843    0.08066460
   18.47847848    0.08145466
   18.52852853    0.08185935
   18.57857858    0.08184373
   18.62862863    0.08143572
   18.67867868    0.08072296
   18.72872873    0.07983894
   18.77877878    0.07892506
   18.82882883    0.07808284
   18.87887888    0.07735305
   18.92892893    0.07672867
   18.97897898    0.07618470
   19.02902903    0.07570889
   19.07907908    0.07531854
   19.12912913    0.07504739
   19.17917918    0.07490196
   19.22922923    0.07481095
   19.27927928    0.07460004
   19.32932933    0.07401683
   19.37937938    0.07281069
   19.42942943    0.07084937
   19.47947948    0.06822168
   19.52952953    0.06523693
   19.57957958    0.06229250
   19.62962963    0.05971686
   19.67967968    0.05769615
   19.72972973    0.05628517
   19.77977978    0.05545167
   19.82982983    0.05511789
   19.87987988    0.05518744
   19.92992993    0.05555774
   19.97997998    0.05612328
   20.03003003    0.05677491
   20.08008008    0.05739856
   20.13013013    0.05787767
   20.18018018    0.05810618
   20.23023023    0.05801401
   20.28028028    0.05759392
   20.33033033    0.05691183
   20.38038038    0.05609363
   20.43043043    0.05529548
   20.48048048    0.05466586
   20.53053053    0.05431000
   20.58058058    0.05427175
   20.63063063    0.05453761
   20.68068068    0.05505329
   20.73073073    0.05574207
   20.78078078    0.05652096
   20.83083083    0.05731838
   20.88088088    0.05809618
   20.93093093    0.05886484
   20.98098098    0.05967503
   21.03103103    0.06058439
   21.08108108    0.06161604
   21.13113113    0.06272736
   21.18118118    0.06380562
   21.23123123    0.06470013
   21.28128128    0.06527959
   21.33133133    0.06548191
   21.38138138    0.06533125
   21.43143143    0.06491877
   21.48148148    0.06435843
   21.53153153    0.06374053
   21.58158158    0.06310708
   21.63163163    0.06245767
   21.68168168    0.06177658
   21.73173173    0.06106122
   21.78178178    0.06033571
   21.83183183    0.05964586
   21.88188188    0.05904442
   21.93193193    0.05857718
   21.98198198    0.05827416
   22.03203203    0.05814759
   22.08208208    0.05819698
   22.13213213    0.05841756
   22.18218218    0.05880697
   22.23223223    0.05936684
   22.28228228    0.06009755
   22.33233233    0.06098572
   22.38238238    0.06198882
   22.43243243    0.06302791
   22.48248248    0.06399984
   22.53253253    0.06480922
   22.58258258    0.06540387
   22.63263263    0.06579098
   22.68268268    0.06602536
   22.73273273    0.06618009
   22.78278278    0.06631534
   22.83283283    0.06645412
   22.88288288    0.06656781
   22.93293293    0.06657537
   22.98298298    0.06636195
   23.03303303    0.06581714
   23.08308308    0.06488056
   23.13313313    0.06357384
   23.18318318    0.06200195
   23.23323323    0.06032293
   23.28328328    0.05870255
   23.33333333    0.05727504
   23.38338338    0.05612075
   23.43343343    0.05526066
   23.48348348    0.05466376
   23.53353353    0.05426455
   23.58358358    0.05398581
   23.63363363    0.05375731
   23.68368368    0.05352050
   23.73373373    0.05321931
   23.78378378    0.05278858
   23.83383383    0.05215486
   23.88388388    0.05125853
   23.93393393    0.05008901
   23.98398398    0.04870581
   24.03403403    0.04722353
   24.08408408    0.04577111
   24.13413413    0.04445314
   24.18418418    0.04332974
   24.23423423    0.04241483
   24.28428428    0.04168469
   24.33433433    0.04108873
   24.38438438    0.04055917
   24.43443443    0.04002150
   24.48448448    0.03940887
   24.53453453    0.03867855
   24.58458458    0.03782404
   24.63463463    0.03687681
   24.68468468    0.03589764
   24.73473473    0.03496217
   24.78478478    0.03414602
   24.83483483    0.03351268
   24.88488488    0.03310545
   24.93493493    0.03294304
   24.98498498    0.03301705
   25.03503504    0.03329042
   25.08508509    0.03369783
   25.13513514    0.03415120
   25.18518519    0.03455294
   25.23523524    0.03481616
   25.28528529    0.03488524
   25.33533534    0.03474717
   25.38538539    0.03442809
   25.43543544    0.03397842
   25.48548549    0.03345555
   25.53553554    0.03291161
   25.58558559    0.03238801
   25.63563564    0.03191433
   25.68568569    0.03150840
   25.73573574    0.03117574
   25.78578579    0.03090904
   25.83583584    0.03068971
   25.88588589    0.03049338
   25.93593594    0.03029834
   25.98598599    0.03009290
   26.03603604    0.02987726
   26.08608609    0.02965960
   26.13613614    0.02945050
   26.18618619    0.02925926
   26.23623624    0.02909181
   26.28628629    0.02894855
   26.33633634    0.02882224
   26.38638639    0.02869820
   26.43643644    0.02855769
   26.48648649    0.02838223
   26.53653654    0.02815653
   26.58658659    0.02786969
   26.63663664    0.02751653
   26.68668669    0.02710024
   26.73673674    0.02663526
   26.78678679    0.02614695
   26.83683684    0.02566678
   26.88688689    0.02522510
   26.93693694    0.02484532
   26.98698699    0.02454148
   27.03703704    0.02431889
   27.08708709    0.02417573
   27.13713714    0.02410491
   27.18718719    0.02409598
   27.23723724    0.02413736
   27.28728729    0.02421804
   27.33733734    0.02432790
   27.38738739    0.02445655
   27.43743744    0.02459167
   27.48748749    0.02471874
   27.53753754    0.02482228
   27.58758759    0.02488783
   27.63763764    0.02490369
   27.68768769    0.02486221
   27.73773774    0.02476060
   27.78778779    0.02460079
   27.83783784    0.02438802
   27.88788789    0.02412848
   27.93793794    0.02382628
   27.98798799    0.02348126
   28.03803804    0.02308943
   28.08808809    0.02264624
   28.13813814    0.02215077
   28.18818819    0.02160900
   28.23823824    0.02103516
   28.28828829    0.02045042
   28.33833834    0.01987848
   28.38838839    0.01933929
   28.43843844    0.01884421
   28.48848849    0.01839544
   28.53853854    0.01798957
   28.58858859    0.01762235
   28.63863864    0.01729147
   28.68868869    0.01699609
   28.73873874    0.01673485
   28.78878879    0.01650441
   28.83883884    0.01629979
   28.88888889    0.01611593
   28.93893894    0.01594941
   28.98898899    0.01579924
   29.03903904    0.01566646
   29.08908909    0.01555285
   29.13913914    0.01545958
   29.18918919    0.01538600
   29.23923924    0.01532882
   29.28928929    0.01528193
   29.33933934    0.01523721
   29.38938939    0.01518637
   29.43943944    0.01512332
   29.48948949    0.01504605
   29.53953954    0.01495709
   29.58958959    0.01486237
   29.63963964    0.01476906
   29.68968969    0.01468353
   29.73973974    0.01461041
   29.78978979    0.01455254
   29.83983984    0.01451143
   29.88988989    0.01448733
   29.93993994    0.01447887
   29.98998999    0.01448251
   30.04004004    0.01449232
   30.09009009    0.01450056
   30.14014014    0.01449924
   30.19019019    0.01448203
   30.24024024    0.01444591
   30.29029029    0.01439181
   30.34034034    0.01432404
   30.39039039    0.01424873
   30.44044044    0.01417206
   30.49049049    0.01409892
   30.54054054    0.01403241
   30.59059059    0.01397384
   30.64064064    0.01392277
   30.69069069    0.01387716
   30.74074074    0.01383354
   30.79079079    0.01378731
   30.84084084    0.01373345
   30.89089089    0.01366770
   30.94094094    0.01358801
   30.99099099    0.01349578
   31.04104104    0.01339600
   31.09109109    0.01329610
   31.14114114    0.01320398
   31.19119119    0.01312636
   31.24124124    0.01306788
   31.29129129    0.01303103
   31.34134134    0.01301612
   31.39139139    0.01302124
   31.44144144    0.01304232
   31.49149149    0.01307347
   31.54154154    0.01310795
   31.59159159    0.01313927
   31.64164164    0.01316222
   31.69169169    0.01317351
   31.74174174    0.01317205
   31.79179179    0.01315915
   31.84184184    0.01313897
   31.89189189    0.01311867
   31.94194194    0.01310789
   31.99199199    0.01311704
   32.04204204    0.01315514
   32.09209209    0.01322781
   32.14214214    0.01333589
   32.19219219    0.01347510
   32.24224224    0.01363630
   32.29229229    0.01380683
   32.34234234    0.01397242
   32.39239239    0.01411978
   32.44244244    0.01423873
   32.49249249    0.01432343
   32.54254254    0.01437225
   32.59259259    0.01438699
   32.64264264    0.01437184
   32.69269269    0.01433286
   32.74274274    0.01427773
   32.79279279    0.01421555
   32.84284284    0.01415605
   32.89289289    0.01410846
   32.94294294    0.01408002
   32.99299299    0.01407488
   33.04304304    0.01409378
   33.09309309    0.01413473
   33.14314314    0.01419425
   33.19319319    0.01426895
   33.24324324    0.01435666
   33.29329329    0.01445693
   33.34334334    0.01457067
   33.39339339    0.01469910
   33.44344344    0.01484236
   33.49349349    0.01499829
   33.54354354    0.01516185
   33.59359359    0.01532555
   33.64364364    0.01548103
   33.69369369    0.01562153
   33.74374374    0.01574404
   33.79379379    0.01585035
   33.84384384    0.01594632
   33.89389389    0.01603998
   33.94394394    0.01613907
   33.99399399    0.01624914
   34.04404404    0.01637268
   34.09409409    0.01650948
   34.14414414    0.01665808
   34.19419419    0.01681745
   34.24424424    0.01698765
   34.29429429    0.01716912
   34.34434434    0.01736094
   34.39439439    0.01755926
   34.44444444    0.01775710
   34.49449449    0.01794557
   34.54454454    0.01811600
   34.59459459    0.01826233
   34.64464464    0.01838274
   34.69469469    0.01848018
   34.74474474    0.01856197
   34.79479479    0.01863878
   34.84484484    0.01872319
   34.89489489    0.01882803
   34.94494494    0.01896453
   34.99499499    0.01914080
   35.04504505    0.01936062
   35.09509510    0.01962275
   35.14514515    0.01992067
   35.19519520    0.02024311
   35.24524525    0.02057525
   35.29529530    0.02090064
   35.34534535    0.02120365
   35.39539540    0.02147200
   35.44544545    0.02169887
   35.49549550    0.02188403
   35.54554555    0.02203357
   35.59559560    0.02215853
   35.64564565    0.02227313
   35.69569570    0.02239256
   35.74574575    0.02253071
   35.79579580    0.02269822
   35.84584585    0.02290144
   35.89589590    0.02314229
   35.94594595    0.02341875
   35.99599600    0.02372538
   36.04604605    0.02405385
   36.09609610    0.02439355
   36.14614615    0.02473290
   36.19619620    0.02506148
   36.24624625    0.02537296
   36.29629630    0.02566763
   36.34634635    0.02595322
   36.39639640    0.02624324
   36.44644645    0.02655408
   36.49649650    0.02690181
   36.54654655    0.02729977
   36.59659660    0.02775689
   36.64664665    0.02827670
   36.69669670    0.02885726
   36.74674675    0.02949191
   36.79679680    0.03017023
   36.84684685    0.03087875
   36.89689690    0.03160123
   36.94694695    0.03231940
   36.99699700    0.03301445
   37.04704705    0.03366941
   37.09709710    0.03427147
   37.14714715    0.03481365
   37.19719720    0.03529594
   37.24724725    0.03572527
   37.29729730    0.03611365
   37.34734735    0.03647461
   37.39739740    0.03681938
   37.44744745    0.03715408
   37.49749750    0.03747874
   37.54754755    0.03778778
   37.59759760    0.03807202
   37.64764765    0.03832212
   37.69769770    0.03853302
   37.74774775    0.03870789
   37.79779780    0.03885914
   37.84784785    0.03900549
   37.89789790    0.03916655
   37.94794795    0.03935766
   37.99799800    0.03958727
   38.04804805    0.03985726
   38.09809810    0.04016517
   38.14814815    0.04050643
   38.19819820    0.04087529
   38.24824825    0.04126409
   38.29829830    0.04166257
   38.34834835    0.04205942
   38.39839840    0.04244620
   38.44844845    0.04282053
   38.49849850    0.04318572
   38.54854855    0.04354802
   38.59859860    0.04391445
   38.64864865    0.04429232
   38.69869870    0.04468889
   38.74874875    0.04511062
   38.79879880    0.04556229
   38.84884885    0.04604664
   38.89889890    0.04656471
   38.94894895    0.04711628
   38.99899900    0.04770013
   39.04904905    0.04831420
   39.09909910    0.04895579
   39.14914915    0.04962261
   39.19919920    0.05031453
   39.24924925    0.05103506
   39.29929930    0.05179136
   39.34934935    0.05259258
   39.39939940    0.05344756
   39.44944945    0.05436252
   39.49949950    0.05533899
   39.54954955    0.05637112
   39.59959960    0.05744247
   39.64964965    0.05852347
   39.69969970    0.05957157
   39.74974975    0.06053483
   39.79979980    0.06135839
   39.84984985    0.06199204
   39.89989990    0.06239807
   39.94994995    0.06255883
   40.00000000    0.06248256
